127	SENSORS_HEADER	heater_heater	silicagel_Fan	ambient_Fan	silicagel_C	silicagel_rH	silicagel_dew	board_C	board_rH	board_dew	ext_C	ext_rH	ext_dew	heater_C	aux_C
129	SM_STATE	'none' -> 'regenerate' Statemachine initialization
926	SENSORS_VALUES	78	0	0	52.49	32.0	30.9	30.91	43.8	17.2	25.75	57.8	16.9	96.69	26.06
10792	SENSORS_VALUES	78	0	1	52.58	29.3	29.4	30.90	43.7	17.1	25.74	57.8	16.9	94.94	26.06
20791	SENSORS_VALUES	78	0	1	52.69	28.2	28.9	30.91	44.2	17.3	25.71	57.9	16.9	94.13	26.06
30792	SENSORS_VALUES	78	0	1	52.81	27.5	28.6	30.94	44.4	17.4	25.65	58.0	16.8	93.50	26.06
40792	SENSORS_VALUES	78	0	1	52.90	27.0	28.3	30.92	44.5	17.5	25.65	57.7	16.7	93.31	26.06
50791	SENSORS_VALUES	78	0	1	53.00	26.5	28.1	30.94	44.6	17.5	25.71	57.8	16.8	93.38	26.13
60792	SENSORS_VALUES	78	0	1	53.09	26.2	27.9	30.91	44.6	17.5	25.71	57.9	16.8	93.56	26.13
70791	SENSORS_VALUES	78	0	1	53.15	25.9	27.8	30.94	44.6	17.5	25.71	57.8	16.8	93.50	26.13
80792	SENSORS_VALUES	78	0	1	53.26	25.7	27.7	30.91	44.7	17.5	25.74	57.6	16.8	93.25	26.13
90791	SENSORS_VALUES	78	0	1	53.30	25.5	27.7	30.91	44.7	17.5	25.75	57.8	16.8	93.31	26.13
100791	SENSORS_VALUES	78	0	1	53.36	25.3	27.6	30.91	44.7	17.5	25.75	57.9	16.9	93.38	26.13
110792	SENSORS_VALUES	78	0	1	53.41	25.2	27.5	30.91	44.7	17.5	25.74	57.9	16.9	93.31	26.19
120791	SENSORS_VALUES	78	0	1	53.47	25.0	27.5	30.91	44.7	17.5	25.77	57.9	16.9	93.25	26.13
130792	SENSORS_VALUES	78	0	1	53.53	24.9	27.4	30.90	44.7	17.5	25.78	57.9	16.9	93.19	26.13
140791	SENSORS_VALUES	78	0	1	53.56	24.8	27.4	30.88	44.7	17.5	25.75	57.8	16.8	93.31	26.19
150792	SENSORS_VALUES	78	0	1	53.59	24.7	27.3	30.87	44.7	17.5	25.75	57.8	16.8	93.50	26.19
160791	SENSORS_VALUES	78	0	1	53.60	24.7	27.3	30.88	44.7	17.5	25.75	57.8	16.8	93.63	26.13
170793	SENSORS_VALUES	78	0	1	53.67	24.5	27.3	30.87	44.7	17.5	25.77	57.8	16.9	93.75	26.19
180791	SENSORS_VALUES	78	0	1	53.67	24.5	27.3	30.84	44.7	17.5	25.78	57.8	16.9	93.81	26.19
190793	SENSORS_VALUES	78	0	1	53.67	24.4	27.2	30.84	44.7	17.5	25.78	57.8	16.9	93.88	26.19
200792	SENSORS_VALUES	78	0	1	53.68	24.3	27.2	30.81	44.8	17.5	25.81	57.7	16.9	93.94	26.19
210792	SENSORS_VALUES	78	0	1	53.70	24.3	27.1	30.81	44.7	17.4	25.80	57.7	16.9	94.06	26.19
220792	SENSORS_VALUES	78	0	1	53.74	24.2	27.1	30.81	44.7	17.4	25.81	57.7	16.9	94.06	26.19
230791	SENSORS_VALUES	78	0	1	53.73	24.2	27.1	30.80	44.7	17.4	25.82	57.6	16.9	94.13	26.19
240793	SENSORS_VALUES	78	0	1	53.76	24.1	27.0	30.80	44.7	17.4	25.82	57.6	16.9	94.13	26.19
250791	SENSORS_VALUES	78	0	1	53.80	24.1	27.1	30.78	44.7	17.4	25.82	57.6	16.9	94.19	26.19
260793	SENSORS_VALUES	78	0	1	53.78	24.1	27.1	30.77	44.8	17.4	25.80	57.6	16.8	94.19	26.19
270791	SENSORS_VALUES	78	0	1	53.78	24.0	27.0	30.77	44.8	17.4	25.82	57.6	16.9	94.19	26.19
280792	SENSORS_VALUES	78	0	1	53.80	24.0	27.0	30.74	44.7	17.4	25.78	57.6	16.8	94.25	26.19
290791	SENSORS_VALUES	78	0	1	53.81	23.9	27.0	30.75	44.8	17.4	25.80	57.7	16.9	94.25	26.19
300792	SENSORS_VALUES	78	0	1	53.83	23.9	27.0	30.73	44.7	17.4	25.81	57.7	16.9	94.31	26.19
310791	SENSORS_VALUES	78	0	1	53.83	23.9	26.9	30.74	44.7	17.4	25.78	57.7	16.9	94.31	26.19
320791	SENSORS_VALUES	78	0	1	53.84	23.8	26.9	30.73	44.8	17.4	25.75	57.8	16.8	94.31	26.19
330791	SENSORS_VALUES	78	0	1	53.85	23.7	26.9	30.70	44.7	17.4	25.75	57.8	16.9	94.31	26.25
340792	SENSORS_VALUES	78	0	1	53.84	23.7	26.8	30.70	44.7	17.3	25.74	57.8	16.9	94.38	26.19
350791	SENSORS_VALUES	78	0	0	53.78	25.4	28.0	30.70	44.7	17.3	25.72	57.9	16.9	94.44	26.25
360793	SENSORS_VALUES	78	0	1	53.78	23.9	26.9	30.71	44.6	17.3	25.72	58.0	16.9	94.56	26.25
370791	SENSORS_VALUES	78	0	1	53.77	23.8	26.9	30.70	44.7	17.4	25.75	58.0	16.9	94.63	26.19
380792	SENSORS_VALUES	78	0	0	53.73	25.5	28.0	30.66	44.7	17.3	25.71	58.1	16.9	94.63	26.25
390792	SENSORS_VALUES	78	0	1	53.71	23.9	26.9	30.66	44.6	17.3	25.68	58.2	16.9	94.75	26.19
400791	SENSORS_VALUES	78	0	1	53.71	23.9	26.9	30.66	44.7	17.3	25.67	58.2	16.9	94.75	26.19
410792	SENSORS_VALUES	78	0	0	53.64	25.5	27.9	30.64	44.7	17.3	25.68	58.2	16.9	94.81	26.25
420792	SENSORS_VALUES	78	0	1	53.60	24.1	26.9	30.66	44.6	17.3	25.71	58.2	16.9	94.94	26.19
430792	SENSORS_VALUES	78	0	0	53.59	25.5	27.9	30.66	44.7	17.3	25.71	58.2	16.9	95.00	26.19
440793	SENSORS_VALUES	78	0	1	53.56	24.1	26.9	30.64	44.6	17.2	25.71	58.2	16.9	95.13	26.19
450792	SENSORS_VALUES	78	0	0	53.53	25.6	27.9	30.66	44.6	17.3	25.70	58.2	16.9	95.19	26.19
460791	SENSORS_VALUES	78	0	1	53.53	24.2	26.9	30.64	44.5	17.2	25.67	58.3	16.9	95.25	26.19
470792	SENSORS_VALUES	78	0	1	53.54	24.1	26.9	30.61	44.6	17.2	25.62	58.4	16.9	95.25	26.19
480791	SENSORS_VALUES	78	0	0	53.50	25.6	27.9	30.66	44.7	17.3	25.65	58.5	16.9	95.25	26.19
490793	SENSORS_VALUES	78	0	1	53.48	24.3	26.9	30.64	44.6	17.2	25.62	58.5	16.9	95.38	26.19
500791	SENSORS_VALUES	78	0	1	53.51	24.1	26.9	30.63	44.6	17.2	25.60	58.5	16.9	95.31	26.19
510792	SENSORS_VALUES	78	0	0	53.48	25.6	27.8	30.64	44.7	17.3	25.64	58.5	16.9	95.38	26.19
520791	SENSORS_VALUES	78	0	1	53.51	24.3	27.0	30.63	44.6	17.2	25.64	58.5	16.9	95.44	26.19
530791	SENSORS_VALUES	78	0	1	53.50	24.0	26.8	30.60	44.7	17.2	25.61	58.4	16.9	95.38	26.13
540791	SENSORS_VALUES	78	0	0	53.47	25.5	27.8	30.60	44.7	17.2	25.64	58.4	16.9	95.44	26.19
550792	SENSORS_VALUES	78	0	1	53.48	24.2	26.9	30.63	44.6	17.2	25.62	58.4	16.9	95.50	26.19
560791	SENSORS_VALUES	78	0	0	53.46	25.6	27.8	30.64	44.6	17.2	25.67	58.4	16.9	95.50	26.19
570792	SENSORS_VALUES	78	0	1	53.47	24.2	26.9	30.64	44.5	17.2	25.65	58.3	16.9	95.63	26.19
580791	SENSORS_VALUES	78	0	1	53.50	24.1	26.8	30.61	44.6	17.2	25.65	58.3	16.9	95.63	26.19
590793	SENSORS_VALUES	78	0	0	53.47	25.6	27.9	30.63	44.6	17.2	25.68	58.3	16.9	95.63	26.13
600792	SENSORS_VALUES	78	0	1	53.48	24.2	26.9	30.66	44.5	17.2	25.70	58.2	16.9	95.69	26.19
610791	SENSORS_VALUES	78	0	0	53.43	25.6	27.8	30.63	44.6	17.2	25.70	58.2	16.9	95.69	26.19
620792	SENSORS_VALUES	78	0	1	53.48	24.2	26.9	30.63	44.4	17.2	25.70	58.1	16.9	95.75	26.19
630791	SENSORS_VALUES	78	0	1	53.50	24.1	26.8	30.63	44.6	17.2	25.71	58.1	16.9	95.69	26.19
640792	SENSORS_VALUES	78	0	0	53.46	25.5	27.8	30.64	44.6	17.2	25.72	58.0	16.9	95.75	26.19
650792	SENSORS_VALUES	78	0	1	53.47	24.1	26.9	30.66	44.5	17.2	25.72	57.9	16.9	95.81	26.25
660792	SENSORS_VALUES	78	0	0	53.48	25.5	27.8	30.64	44.5	17.2	25.75	58.0	16.9	95.81	26.19
670792	SENSORS_VALUES	78	0	1	53.47	24.2	26.9	30.66	44.5	17.2	25.78	57.9	16.9	95.88	26.19
680792	SENSORS_VALUES	78	0	0	53.44	25.5	27.8	30.63	44.5	17.2	25.77	57.9	16.9	95.94	26.19
690792	SENSORS_VALUES	78	0	1	53.44	24.2	26.9	30.64	44.4	17.2	25.74	57.9	16.9	96.00	26.19
700791	SENSORS_VALUES	78	0	1	53.50	24.1	26.8	30.64	44.5	17.2	25.77	57.8	16.9	95.94	26.19
710792	SENSORS_VALUES	78	0	0	53.48	25.5	27.8	30.64	44.5	17.2	25.75	57.8	16.8	95.94	26.19
720791	SENSORS_VALUES	78	0	1	53.50	24.2	26.9	30.64	44.4	17.2	25.75	57.9	16.9	96.00	26.19
730792	SENSORS_VALUES	78	0	1	53.54	24.0	26.8	30.66	44.5	17.2	25.74	57.9	16.9	95.94	26.25
740791	SENSORS_VALUES	78	0	0	53.51	25.4	27.7	30.66	44.5	17.2	25.75	57.9	16.9	95.94	26.19
750792	SENSORS_VALUES	78	0	1	53.56	24.1	26.9	30.64	44.4	17.2	25.78	57.9	16.9	96.00	26.19
760791	SENSORS_VALUES	78	0	0	53.53	25.4	27.7	30.66	44.4	17.2	25.80	57.7	16.9	96.06	26.19
770792	SENSORS_VALUES	78	0	1	53.53	24.1	26.9	30.64	44.3	17.2	25.81	57.6	16.9	96.06	26.25
780791	SENSORS_VALUES	78	0	1	53.59	23.9	26.8	30.66	44.4	17.2	25.82	57.7	16.9	96.06	26.19
790792	SENSORS_VALUES	78	0	0	53.57	25.3	27.8	30.66	44.4	17.2	25.84	57.7	16.9	96.06	26.19
800791	SENSORS_VALUES	78	0	1	53.60	24.0	26.9	30.64	44.3	17.2	25.82	57.7	16.9	96.06	26.19
810792	SENSORS_VALUES	78	0	1	53.64	23.9	26.8	30.66	44.4	17.2	25.82	57.7	16.9	96.06	26.25
820791	SENSORS_VALUES	78	0	0	53.62	25.3	27.8	30.66	44.5	17.2	25.81	57.7	16.9	96.06	26.19
830792	SENSORS_VALUES	78	0	1	53.66	24.0	26.9	30.68	44.3	17.2	25.84	57.7	16.9	96.06	26.25
840791	SENSORS_VALUES	78	0	0	53.62	25.2	27.7	30.67	44.3	17.2	25.82	57.7	16.9	96.13	26.19
850792	SENSORS_VALUES	78	0	1	53.62	23.9	26.8	30.67	44.3	17.2	25.82	57.7	16.9	96.13	26.25
860791	SENSORS_VALUES	78	0	0	53.59	25.3	27.7	30.70	44.3	17.2	25.85	57.7	16.9	96.19	26.25
870803	SENSORS_VALUES	78	0	1	53.62	24.0	26.9	30.67	44.2	17.1	25.82	57.6	16.9	96.19	26.25
880791	SENSORS_VALUES	78	0	1	53.66	23.8	26.8	30.67	44.3	17.2	25.84	57.6	16.9	96.19	26.25
890791	SENSORS_VALUES	78	0	0	53.66	25.2	27.7	30.68	44.3	17.2	25.85	57.6	16.9	96.19	26.19
900792	SENSORS_VALUES	78	0	1	53.64	23.9	26.8	30.68	44.2	17.1	25.85	57.6	16.9	96.19	26.25
910791	SENSORS_VALUES	78	0	0	53.66	25.2	27.7	30.68	44.3	17.2	25.84	57.6	16.9	96.25	26.25
920792	SENSORS_VALUES	78	0	1	53.66	23.8	26.8	30.70	44.2	17.2	25.84	57.8	16.9	96.31	26.25
930791	SENSORS_VALUES	78	0	0	53.63	25.2	27.7	30.68	44.2	17.1	25.82	57.7	16.9	96.31	26.19
940792	SENSORS_VALUES	78	0	1	53.67	23.9	26.9	30.70	44.1	17.1	25.75	57.9	16.9	96.38	26.25
950791	SENSORS_VALUES	78	0	0	53.62	25.1	27.6	30.70	44.2	17.1	25.75	58.1	16.9	96.38	26.19
960792	SENSORS_VALUES	78	0	1	53.64	23.9	26.8	30.70	44.1	17.1	25.78	58.1	17.0	96.38	26.25
970791	SENSORS_VALUES	78	0	0	53.62	25.1	27.6	30.71	44.2	17.2	25.85	57.9	17.0	96.38	26.25
980791	SENSORS_VALUES	78	0	1	53.67	23.9	26.8	30.71	44.1	17.1	25.80	57.8	16.9	96.44	26.25
990792	SENSORS_VALUES	78	0	0	53.62	25.1	27.6	30.73	44.2	17.2	25.84	57.8	16.9	96.44	26.25
1000791	SENSORS_VALUES	78	0	1	53.63	23.9	26.8	30.73	44.1	17.1	25.81	57.8	16.9	96.50	26.25
1010792	SENSORS_VALUES	78	0	0	53.63	25.1	27.7	30.73	44.1	17.2	25.85	57.8	17.0	96.50	26.25
1020791	SENSORS_VALUES	78	0	1	53.64	23.9	26.8	30.73	44.1	17.1	25.85	57.8	16.9	96.56	26.25
1030792	SENSORS_VALUES	78	0	0	53.62	25.0	27.6	30.74	44.1	17.2	25.84	57.7	16.9	96.56	26.25
1040791	SENSORS_VALUES	78	0	1	53.64	23.9	26.8	30.73	44.1	17.1	25.88	57.7	17.0	96.56	26.25
1050792	SENSORS_VALUES	78	0	0	53.64	25.1	27.6	30.74	44.1	17.2	25.88	57.6	16.9	96.56	26.25
1060791	SENSORS_VALUES	78	0	1	53.66	23.9	26.8	30.73	44.0	17.1	25.91	57.6	16.9	96.63	26.25
1070792	SENSORS_VALUES	78	0	0	53.62	25.0	27.6	30.74	44.1	17.2	25.92	57.4	16.9	96.63	26.25
1080792	SENSORS_VALUES	78	0	1	53.66	23.9	26.8	30.75	44.0	17.1	25.92	57.4	16.9	96.63	26.25
1090791	SENSORS_VALUES	78	0	0	53.64	25.0	27.6	30.77	44.1	17.2	25.91	57.4	16.9	96.63	26.31
1100791	SENSORS_VALUES	78	0	1	53.67	23.9	26.8	30.75	44.0	17.1	25.95	57.4	16.9	96.63	26.25
1110792	SENSORS_VALUES	78	0	0	53.66	25.0	27.6	30.74	44.0	17.1	25.94	57.4	16.9	96.63	26.25
1120792	SENSORS_VALUES	78	0	1	53.71	23.9	26.9	30.77	44.0	17.1	25.95	57.4	16.9	96.69	26.25
1130791	SENSORS_VALUES	78	0	0	53.68	25.0	27.6	30.74	44.0	17.1	25.96	57.4	16.9	96.69	26.25
1140792	SENSORS_VALUES	78	0	1	53.70	23.8	26.8	30.77	43.9	17.1	25.99	57.3	16.9	96.69	26.25
1150792	SENSORS_VALUES	78	0	0	53.66	25.0	27.6	30.80	44.0	17.2	25.99	57.2	16.9	96.69	26.25
1160791	SENSORS_VALUES	78	0	1	53.73	23.8	26.8	30.80	43.9	17.1	26.01	57.2	16.9	96.75	26.31
1170793	SENSORS_VALUES	78	0	0	53.68	24.9	27.5	30.78	43.9	17.1	25.99	57.1	16.9	96.75	26.31
1180791	SENSORS_VALUES	78	0	1	53.74	23.8	26.9	30.81	43.9	17.1	25.98	57.1	16.9	96.75	26.25
1190792	SENSORS_VALUES	78	0	0	53.71	24.9	27.6	30.77	43.9	17.1	26.01	57.2	16.9	96.75	26.25
1200791	SENSORS_VALUES	78	0	1	53.74	23.8	26.8	30.80	43.8	17.1	25.98	57.3	16.9	96.81	26.31
1210793	SENSORS_VALUES	78	0	0	53.71	24.8	27.5	30.80	43.9	17.1	26.01	57.4	17.0	96.75	26.31
1220791	SENSORS_VALUES	78	0	1	53.77	23.7	26.8	30.80	43.8	17.1	25.96	57.6	17.0	96.81	26.31
1230791	SENSORS_VALUES	78	0	0	53.74	24.8	27.6	30.81	43.9	17.1	25.99	57.7	17.0	96.81	26.31
1240791	SENSORS_VALUES	78	0	1	53.77	23.7	26.8	30.81	43.8	17.1	25.96	57.6	17.0	96.81	26.25
1250792	SENSORS_VALUES	78	0	0	53.74	24.8	27.5	30.81	43.9	17.1	25.98	57.6	17.0	96.75	26.31
1260792	SENSORS_VALUES	78	0	1	53.80	23.7	26.8	30.84	43.8	17.1	25.96	57.5	17.0	96.75	26.31
1270791	SENSORS_VALUES	78	0	0	53.77	24.8	27.6	30.85	43.8	17.2	25.99	57.5	17.0	96.75	26.38
1280792	SENSORS_VALUES	78	0	1	53.80	23.6	26.8	30.82	43.8	17.1	26.02	57.5	17.0	96.81	26.38
1290791	SENSORS_VALUES	78	0	0	53.78	24.7	27.5	30.85	43.8	17.2	26.01	57.4	17.0	96.81	26.31
1300792	SENSORS_VALUES	78	0	1	53.83	23.6	26.8	30.85	43.7	17.1	26.01	57.4	17.0	96.81	26.31
1310791	SENSORS_VALUES	78	0	0	53.80	24.7	27.5	30.87	43.8	17.2	26.02	57.4	17.0	96.81	26.38
1320792	SENSORS_VALUES	78	0	1	53.83	23.6	26.8	30.84	43.8	17.1	25.98	57.4	17.0	96.88	26.38
1330791	SENSORS_VALUES	78	0	0	53.81	24.7	27.5	30.85	43.8	17.2	26.01	57.5	17.0	96.88	26.38
1340792	SENSORS_VALUES	78	0	1	53.85	23.6	26.8	30.82	43.7	17.1	25.99	57.5	17.0	96.88	26.31
1350792	SENSORS_VALUES	78	0	0	53.83	24.7	27.5	30.87	43.7	17.1	25.99	57.6	17.0	96.88	26.38
1360792	SENSORS_VALUES	78	0	1	53.87	23.6	26.8	30.87	43.7	17.1	25.96	57.6	17.0	96.94	26.38
1370791	SENSORS_VALUES	78	0	0	53.83	24.6	27.5	30.88	43.7	17.2	25.96	57.6	17.0	96.94	26.38
1380792	SENSORS_VALUES	78	0	1	53.84	23.6	26.7	30.87	43.7	17.1	25.94	57.6	17.0	96.94	26.38
1390791	SENSORS_VALUES	78	0	0	53.87	24.6	27.5	30.88	43.7	17.1	25.95	57.7	17.0	96.88	26.38
1400792	SENSORS_VALUES	78	0	1	53.88	23.5	26.7	30.87	43.6	17.1	25.92	57.8	17.0	96.94	26.38
1410791	SENSORS_VALUES	78	0	0	53.88	24.5	27.5	30.90	43.7	17.1	25.92	57.8	17.0	96.94	26.38
1420793	SENSORS_VALUES	78	0	1	53.90	23.5	26.8	30.90	43.7	17.1	25.92	57.8	17.0	96.94	26.38
1430792	SENSORS_VALUES	78	0	0	53.87	24.5	27.4	30.88	43.6	17.1	25.92	57.8	17.0	96.94	26.38
1440791	SENSORS_VALUES	78	0	1	53.90	23.5	26.7	30.88	43.6	17.1	25.89	57.8	17.0	97.00	26.38
1450792	SENSORS_VALUES	78	0	0	53.88	24.5	27.4	30.91	43.6	17.1	25.92	57.8	17.0	96.94	26.38
1460791	SENSORS_VALUES	78	0	1	53.94	23.4	26.7	30.91	43.6	17.1	25.92	57.8	17.0	97.00	26.38
1470792	SENSORS_VALUES	78	0	0	53.91	24.4	27.4	30.90	43.6	17.1	25.92	57.8	17.0	96.94	26.44
1480791	SENSORS_VALUES	78	0	1	53.94	23.4	26.7	30.90	43.6	17.1	25.92	57.8	17.0	97.00	26.38
1490792	SENSORS_VALUES	78	0	0	53.94	24.4	27.4	30.91	43.6	17.1	25.92	57.8	17.0	97.00	26.38
1500791	SENSORS_VALUES	78	0	1	53.97	23.4	26.7	30.88	43.6	17.1	25.95	57.8	17.0	97.00	26.38
1510793	SENSORS_VALUES	78	0	0	53.95	24.4	27.5	30.88	43.6	17.1	25.94	57.8	17.0	97.00	26.38
1520791	SENSORS_VALUES	78	0	1	53.97	23.4	26.7	30.91	43.5	17.1	25.92	57.9	17.0	97.00	26.38
1530792	SENSORS_VALUES	78	0	0	53.95	24.4	27.4	30.90	43.6	17.1	25.94	57.9	17.0	97.00	26.38
1540791	SENSORS_VALUES	78	0	1	54.04	23.4	26.8	30.90	43.5	17.1	25.91	57.8	17.0	97.00	26.38
1550792	SENSORS_VALUES	78	0	0	53.95	24.3	27.4	30.90	43.6	17.1	25.89	57.9	17.0	97.00	26.38
1560792	SENSORS_VALUES	78	0	1	54.01	23.3	26.7	30.92	43.5	17.1	25.92	57.9	17.0	97.00	26.44
1570791	SENSORS_VALUES	78	0	0	54.01	24.3	27.4	30.90	43.6	17.1	25.89	57.9	17.0	97.00	26.38
1580792	SENSORS_VALUES	78	0	1	54.03	23.3	26.7	30.91	43.6	17.1	25.89	57.9	17.0	97.06	26.38
1590792	SENSORS_VALUES	78	0	0	54.00	24.3	27.4	30.90	43.6	17.1	25.88	58.0	17.0	97.06	26.38
1600791	SENSORS_VALUES	78	0	1	54.04	23.3	26.7	30.91	43.5	17.1	25.88	58.0	17.0	97.06	26.31
1610792	SENSORS_VALUES	78	0	0	54.03	24.3	27.4	30.92	43.5	17.1	25.88	58.0	17.0	97.06	26.38
1620791	SENSORS_VALUES	78	0	1	54.04	23.2	26.7	30.91	43.5	17.1	25.89	57.9	17.0	97.06	26.38
1630793	SENSORS_VALUES	78	0	0	54.03	24.2	27.4	30.90	43.6	17.1	25.92	57.9	17.0	97.06	26.38
1640791	SENSORS_VALUES	78	0	1	54.05	23.3	26.7	30.90	43.5	17.1	25.92	57.9	17.0	97.06	26.38
1650792	SENSORS_VALUES	78	0	0	54.04	24.2	27.4	30.92	43.6	17.1	25.95	57.8	17.0	97.06	26.38
1660792	SENSORS_VALUES	78	0	1	54.05	23.2	26.7	30.91	43.5	17.1	25.94	57.7	17.0	97.06	26.38
1670791	SENSORS_VALUES	78	0	0	54.05	24.1	27.3	30.92	43.5	17.1	25.96	57.8	17.0	97.06	26.38
1680792	SENSORS_VALUES	78	0	1	54.05	23.2	26.7	30.92	43.5	17.1	25.95	57.7	17.0	97.13	26.38
1690791	SENSORS_VALUES	78	0	0	54.05	24.2	27.3	30.94	43.5	17.1	25.94	57.6	17.0	97.13	26.38
1700792	SENSORS_VALUES	78	0	1	54.10	23.2	26.7	30.94	43.5	17.1	25.94	57.6	17.0	97.13	26.38
1710791	SENSORS_VALUES	78	0	0	54.05	24.1	27.3	30.92	43.5	17.1	25.92	57.7	17.0	97.13	26.38
1720792	SENSORS_VALUES	78	0	1	54.11	23.1	26.6	30.92	43.4	17.1	25.96	57.6	17.0	97.13	26.38
1730791	SENSORS_VALUES	78	0	0	54.07	24.1	27.3	30.94	43.4	17.1	25.96	57.6	17.0	97.13	26.38
1740792	SENSORS_VALUES	78	0	1	54.13	23.2	26.7	30.94	43.4	17.1	25.98	57.6	17.0	97.19	26.38
1750791	SENSORS_VALUES	78	0	0	54.10	24.0	27.3	30.97	43.5	17.1	25.96	57.5	17.0	97.13	26.38
1760792	SENSORS_VALUES	78	0	1	54.14	23.1	26.7	30.95	43.4	17.1	25.98	57.6	17.0	97.19	26.38
1770791	SENSORS_VALUES	78	0	0	54.08	24.0	27.3	30.94	43.4	17.1	25.99	57.5	17.0	97.19	26.38
1780791	SENSORS_VALUES	78	0	1	54.14	23.1	26.6	30.94	43.4	17.1	25.99	57.5	17.0	97.19	26.31
1790793	SENSORS_VALUES	78	0	0	54.13	24.1	27.3	30.92	43.4	17.1	25.99	57.4	17.0	97.19	26.38
1800792	SENSORS_VALUES	78	0	1	54.14	23.1	26.7	30.94	43.4	17.1	26.02	57.4	17.0	97.19	26.38
1810792	SENSORS_VALUES	78	0	0	54.15	24.0	27.3	30.92	43.4	17.1	25.99	57.4	17.0	97.19	26.38
1820791	SENSORS_VALUES	78	0	1	54.15	23.1	26.6	30.94	43.3	17.0	26.01	57.4	17.0	97.19	26.38
1830792	SENSORS_VALUES	78	0	0	54.14	24.0	27.3	30.94	43.4	17.1	26.04	57.5	17.0	97.19	26.38
1840792	SENSORS_VALUES	78	0	1	54.18	23.1	26.7	30.97	43.3	17.1	26.02	57.5	17.0	97.19	26.38
1850791	SENSORS_VALUES	78	0	0	54.14	23.9	27.3	30.98	43.4	17.1	26.05	57.5	17.0	97.19	26.38
1860792	SENSORS_VALUES	78	0	1	54.18	23.1	26.7	30.98	43.3	17.1	26.06	57.4	17.0	97.19	26.38
1870791	SENSORS_VALUES	78	0	0	54.17	23.9	27.2	30.95	43.3	17.1	26.06	57.4	17.0	97.19	26.38
1880792	SENSORS_VALUES	78	0	1	54.21	23.0	26.6	30.97	43.3	17.1	26.08	57.3	17.0	97.19	26.38
1890791	SENSORS_VALUES	78	0	0	54.19	23.8	27.2	30.95	43.3	17.1	26.08	57.3	17.0	97.19	26.44
1900792	SENSORS_VALUES	78	0	1	54.22	23.0	26.6	30.95	43.3	17.0	26.08	57.3	17.0	97.19	26.44
1910791	SENSORS_VALUES	78	0	0	54.22	23.9	27.3	30.98	43.3	17.1	26.09	57.3	17.0	97.19	26.44
1920793	SENSORS_VALUES	78	0	1	54.22	23.0	26.6	30.98	43.3	17.1	26.09	57.3	17.0	97.25	26.38
1930791	SENSORS_VALUES	78	0	0	54.21	23.7	27.2	30.99	43.3	17.1	26.06	57.3	17.0	97.19	26.44
1940792	SENSORS_VALUES	78	0	1	54.24	23.0	26.6	31.01	43.3	17.1	26.08	57.3	17.0	97.19	26.44
1950791	SENSORS_VALUES	78	0	0	54.22	23.8	27.2	30.98	43.3	17.1	26.08	57.3	17.0	97.13	26.44
1960792	SENSORS_VALUES	78	0	1	54.28	22.9	26.6	30.99	43.2	17.1	26.11	57.3	17.0	97.19	26.44
1970791	SENSORS_VALUES	78	0	0	54.24	23.8	27.2	30.99	43.3	17.1	26.08	57.3	17.0	97.13	26.44
1980792	SENSORS_VALUES	78	0	1	54.25	22.9	26.6	30.98	43.2	17.0	26.08	57.4	17.1	97.13	26.38
1990791	SENSORS_VALUES	78	0	0	54.24	23.7	27.2	31.01	43.2	17.1	26.09	57.5	17.1	97.13	26.44
2000792	SENSORS_VALUES	78	0	1	54.26	22.9	26.6	31.01	43.2	17.1	26.08	57.6	17.1	97.13	26.44
2010791	SENSORS_VALUES	78	0	0	54.26	23.7	27.2	31.01	43.2	17.1	26.08	57.6	17.1	97.13	26.44
2020792	SENSORS_VALUES	78	0	1	54.28	22.9	26.6	31.01	43.2	17.1	26.08	57.6	17.1	97.19	26.44
2030792	SENSORS_VALUES	78	0	0	54.26	23.7	27.2	31.01	43.2	17.1	26.08	57.5	17.1	97.19	26.44
2040792	SENSORS_VALUES	78	0	1	54.29	22.9	26.6	31.02	43.2	17.1	26.09	57.6	17.1	97.19	26.44
2050792	SENSORS_VALUES	78	0	0	54.25	23.6	27.1	31.01	43.2	17.1	26.11	57.6	17.1	97.19	26.44
2060791	SENSORS_VALUES	78	0	0	54.24	23.7	27.2	30.99	43.1	17.0	26.09	57.6	17.1	97.25	26.44
2070792	SENSORS_VALUES	78	0	1	54.25	22.9	26.6	31.02	43.1	17.1	26.08	57.7	17.1	97.31	26.44
2080791	SENSORS_VALUES	78	0	0	54.21	23.6	27.1	30.99	43.2	17.0	26.08	57.6	17.1	97.31	26.44
2090793	SENSORS_VALUES	78	0	0	54.21	23.7	27.1	31.02	43.1	17.1	26.09	57.6	17.1	97.38	26.44
2100791	SENSORS_VALUES	78	0	0	54.13	23.7	27.1	31.01	43.1	17.0	26.06	57.7	17.1	97.44	26.44
2110792	SENSORS_VALUES	78	0	0	54.04	23.7	27.0	31.02	43.1	17.0	26.08	57.7	17.1	97.56	26.44
2120791	SENSORS_VALUES	78	0	0	54.00	23.8	27.0	31.02	43.1	17.0	26.06	57.8	17.1	97.63	26.44
2130792	SENSORS_VALUES	78	0	0	53.93	23.8	27.0	31.02	43.1	17.0	26.05	57.8	17.1	97.75	26.44
2140791	SENSORS_VALUES	78	0	0	53.87	23.8	27.0	31.05	43.1	17.1	26.05	57.8	17.1	97.81	26.50
2150792	SENSORS_VALUES	78	0	0	53.80	23.8	26.9	31.01	43.0	17.0	26.05	57.7	17.1	97.88	26.44
2160791	SENSORS_VALUES	78	0	0	53.77	23.9	26.9	31.05	43.0	17.0	26.06	57.7	17.1	98.00	26.50
2170792	SENSORS_VALUES	78	0	0	53.68	24.0	26.9	31.02	43.0	17.0	26.04	57.7	17.1	98.06	26.44
2180791	SENSORS_VALUES	78	0	0	53.63	24.0	26.9	31.05	43.0	17.0	26.04	57.7	17.1	98.13	26.44
2190793	SENSORS_VALUES	78	0	0	53.57	24.0	26.9	31.05	43.1	17.1	26.05	57.8	17.1	98.13	26.50
2200791	SENSORS_VALUES	78	0	0	53.56	24.1	26.9	31.07	43.0	17.1	26.05	57.8	17.1	98.25	26.44
2210792	SENSORS_VALUES	78	0	0	53.51	24.1	26.9	31.08	43.0	17.1	26.02	57.8	17.1	98.25	26.44
2220792	SENSORS_VALUES	78	0	0	53.47	24.1	26.8	31.08	43.0	17.0	26.02	57.8	17.1	98.31	26.50
2230791	SENSORS_VALUES	78	0	0	53.43	24.2	26.8	31.07	42.9	17.0	26.02	57.8	17.1	98.38	26.50
2240791	SENSORS_VALUES	78	0	0	53.41	24.2	26.8	31.10	42.9	17.0	26.05	57.8	17.1	98.38	26.50
2250791	SENSORS_VALUES	78	0	0	53.37	24.2	26.8	31.10	42.9	17.1	26.04	57.8	17.1	98.44	26.50
2260792	SENSORS_VALUES	78	0	0	53.33	24.3	26.8	31.11	42.9	17.1	26.02	57.8	17.1	98.44	26.50
2270791	SENSORS_VALUES	78	0	0	53.32	24.3	26.9	31.11	42.9	17.1	26.01	57.9	17.1	98.50	26.50
2280792	SENSORS_VALUES	78	0	0	53.30	24.4	26.9	31.11	42.9	17.1	26.02	57.8	17.1	98.50	26.44
2290792	SENSORS_VALUES	78	0	0	53.26	24.4	26.8	31.12	42.9	17.1	26.01	57.8	17.1	98.56	26.44
2300791	SENSORS_VALUES	78	0	0	53.23	24.4	26.8	31.14	42.8	17.1	26.02	57.8	17.1	98.56	26.50
2310792	SENSORS_VALUES	78	0	0	53.25	24.4	26.9	31.12	42.9	17.1	26.02	57.9	17.1	98.63	26.50
2320791	SENSORS_VALUES	78	0	0	53.22	24.5	26.9	31.12	42.8	17.0	25.99	57.9	17.1	98.63	26.50
2330792	SENSORS_VALUES	78	0	0	53.20	24.4	26.8	31.14	42.8	17.1	26.01	58.0	17.1	98.63	26.50
2340791	SENSORS_VALUES	78	0	0	53.20	24.4	26.8	31.14	42.9	17.1	26.01	57.9	17.1	98.69	26.50
2350792	SENSORS_VALUES	78	0	0	53.17	24.4	26.8	31.18	42.8	17.1	25.99	58.0	17.1	98.69	26.50
2360791	SENSORS_VALUES	78	0	0	53.16	24.5	26.9	31.14	42.8	17.1	25.98	58.0	17.1	98.69	26.50
2370793	SENSORS_VALUES	78	0	0	53.13	24.5	26.8	31.17	42.8	17.1	25.98	58.0	17.1	98.75	26.50
2380791	SENSORS_VALUES	78	0	0	53.15	24.6	26.9	31.21	42.8	17.1	25.96	58.1	17.1	98.75	26.50
2390792	SENSORS_VALUES	78	0	0	53.15	24.6	26.9	31.20	42.8	17.1	25.98	58.2	17.2	98.75	26.44
2400792	SENSORS_VALUES	78	0	0	53.15	24.6	26.9	31.18	42.8	17.1	25.96	58.1	17.1	98.75	26.44
2410791	SENSORS_VALUES	78	0	0	53.13	24.6	26.9	31.20	42.8	17.1	25.96	58.1	17.1	98.81	26.50
2420792	SENSORS_VALUES	78	0	0	53.12	24.7	26.9	31.20	42.7	17.1	25.96	58.2	17.2	98.81	26.50
2430791	SENSORS_VALUES	78	0	0	53.10	24.6	26.9	31.21	42.7	17.1	25.99	58.2	17.2	98.81	26.50
2440792	SENSORS_VALUES	78	0	0	53.09	24.7	26.9	31.21	42.7	17.1	25.98	58.3	17.2	98.81	26.50
2450791	SENSORS_VALUES	78	0	0	53.10	24.7	26.9	31.21	42.7	17.1	25.98	58.3	17.2	98.81	26.44
2460792	SENSORS_VALUES	78	0	0	53.12	24.7	27.0	31.21	42.7	17.1	25.96	58.3	17.2	98.81	26.50
2470801	SENSORS_VALUES	78	0	0	53.09	24.7	26.9	31.22	42.7	17.1	25.95	58.3	17.2	98.88	26.44
2480791	SENSORS_VALUES	78	0	0	53.12	24.8	27.0	31.22	42.7	17.1	25.98	58.3	17.2	98.88	26.50
2490792	SENSORS_VALUES	78	0	0	53.09	24.8	27.0	31.24	42.7	17.1	25.98	58.3	17.2	98.88	26.50
2500792	SENSORS_VALUES	78	0	0	53.08	24.7	26.9	31.22	42.7	17.1	25.94	58.3	17.2	98.88	26.50
2510791	SENSORS_VALUES	78	0	0	53.09	24.8	27.0	31.24	42.7	17.1	25.92	58.4	17.2	98.88	26.50
2520792	SENSORS_VALUES	78	0	0	53.10	24.8	27.0	31.24	42.7	17.1	25.95	58.4	17.2	98.88	26.50
2530791	SENSORS_VALUES	78	0	0	53.09	24.8	27.0	31.24	42.7	17.1	25.98	58.3	17.2	98.88	26.50
2540792	SENSORS_VALUES	78	0	0	53.09	24.9	27.0	31.24	42.7	17.1	25.95	58.4	17.2	98.88	26.44
2550792	SENSORS_VALUES	78	0	0	53.09	24.8	27.0	31.25	42.7	17.1	25.96	58.4	17.2	98.88	26.44
2560791	SENSORS_VALUES	78	0	0	53.08	24.8	27.0	31.26	42.7	17.1	25.95	58.3	17.2	98.88	26.50
2570792	SENSORS_VALUES	78	0	0	53.06	24.9	27.0	31.24	42.7	17.1	25.98	58.3	17.2	98.88	26.44
2580791	SENSORS_VALUES	78	0	0	53.06	24.8	27.0	31.26	42.7	17.1	25.99	58.3	17.2	98.88	26.50
2590792	SENSORS_VALUES	78	0	0	53.08	24.9	27.0	31.28	42.7	17.1	25.98	58.2	17.2	98.88	26.50
2600791	SENSORS_VALUES	78	0	0	53.06	24.8	27.0	31.28	42.7	17.1	25.99	58.2	17.2	98.88	26.44
2610792	SENSORS_VALUES	78	0	0	53.10	24.9	27.1	31.26	42.7	17.1	25.99	58.2	17.2	98.94	26.50
2620791	SENSORS_VALUES	78	0	0	53.09	24.9	27.1	31.29	42.7	17.2	26.01	58.2	17.2	98.94	26.50
2630793	SENSORS_VALUES	78	0	0	53.09	24.9	27.0	31.26	42.7	17.1	26.02	58.1	17.2	98.94	26.44
2640791	SENSORS_VALUES	78	0	0	53.09	24.9	27.0	31.28	42.7	17.1	26.04	58.1	17.2	98.94	26.56
2650793	SENSORS_VALUES	78	0	0	53.08	24.9	27.1	31.26	42.7	17.1	26.05	58.1	17.2	98.88	26.50
2660791	SENSORS_VALUES	78	0	0	53.09	25.0	27.1	31.26	42.7	17.1	26.04	58.0	17.2	98.88	26.50
2670793	SENSORS_VALUES	78	0	0	53.06	24.9	27.1	31.29	42.6	17.1	26.06	58.0	17.2	98.94	26.50
2680792	SENSORS_VALUES	78	0	0	53.10	24.9	27.1	31.29	42.7	17.1	26.05	57.9	17.2	98.94	26.50
2690792	SENSORS_VALUES	78	0	0	53.09	24.9	27.1	31.28	42.7	17.1	26.08	58.0	17.2	98.94	26.50
2700792	SENSORS_VALUES	78	0	0	53.10	24.9	27.1	31.31	42.7	17.1	26.06	57.9	17.2	98.94	26.44
2710792	SENSORS_VALUES	78	0	0	53.10	25.0	27.1	31.31	42.7	17.2	26.06	57.9	17.2	98.94	26.50
2720792	SENSORS_VALUES	78	0	0	53.08	24.9	27.0	31.29	42.7	17.1	26.08	57.9	17.2	98.94	26.50
2730792	SENSORS_VALUES	78	0	0	53.10	24.9	27.1	31.28	42.6	17.1	26.09	57.9	17.2	99.00	26.50
2740791	SENSORS_VALUES	78	0	0	53.08	24.9	27.1	31.32	42.7	17.2	26.09	58.0	17.2	99.00	26.50
2750792	SENSORS_VALUES	78	0	0	53.08	25.0	27.1	31.31	42.6	17.1	26.11	58.0	17.2	99.00	26.50
2760791	SENSORS_VALUES	78	0	0	53.10	25.0	27.1	31.29	42.7	17.1	26.12	57.8	17.2	99.00	26.50
2770793	SENSORS_VALUES	78	0	0	53.09	24.9	27.1	31.29	42.6	17.1	26.11	57.8	17.2	99.00	26.50
2780791	SENSORS_VALUES	78	0	0	53.10	24.9	27.1	31.31	42.6	17.1	26.11	57.8	17.2	99.00	26.50
2790792	SENSORS_VALUES	78	0	0	53.10	24.9	27.1	31.32	42.6	17.1	26.12	57.7	17.2	99.00	26.56
2800791	SENSORS_VALUES	78	0	0	53.09	24.9	27.1	31.32	42.6	17.2	26.12	57.7	17.2	99.00	26.50
2810793	SENSORS_VALUES	78	0	0	53.12	25.0	27.1	31.32	42.6	17.1	26.14	57.8	17.2	99.00	26.50
2820791	SENSORS_VALUES	78	0	0	53.10	25.0	27.1	31.33	42.6	17.2	26.15	57.8	17.2	99.06	26.50
2830792	SENSORS_VALUES	78	0	0	53.09	24.9	27.1	31.35	42.6	17.2	26.14	57.9	17.2	99.06	26.50
2840791	SENSORS_VALUES	78	0	0	53.10	25.0	27.1	31.36	42.7	17.2	26.14	57.9	17.2	99.06	26.50
2850792	SENSORS_VALUES	78	0	0	53.13	25.0	27.1	31.33	42.6	17.2	26.16	58.0	17.3	99.06	26.50
2860791	SENSORS_VALUES	78	0	0	53.13	25.0	27.2	31.35	42.6	17.2	26.14	57.9	17.2	99.00	26.56
2870793	SENSORS_VALUES	78	0	0	53.12	24.9	27.1	31.33	42.6	17.2	26.15	58.0	17.3	99.00	26.56
2880791	SENSORS_VALUES	78	0	0	53.10	25.0	27.1	31.35	42.6	17.2	26.18	58.0	17.3	99.00	26.50
2890793	SENSORS_VALUES	78	0	0	53.13	24.9	27.1	31.36	42.6	17.2	26.18	58.0	17.3	99.00	26.56
2900791	SENSORS_VALUES	78	0	0	53.10	24.9	27.1	31.35	42.6	17.1	26.16	58.0	17.3	99.00	26.56
2910791	SENSORS_VALUES	78	0	0	53.10	25.0	27.1	31.38	42.7	17.2	26.15	57.8	17.2	99.00	26.56
2920791	SENSORS_VALUES	78	0	0	53.12	25.0	27.1	31.36	42.6	17.2	26.18	57.8	17.2	99.00	26.56
2930792	SENSORS_VALUES	78	0	0	53.13	25.0	27.2	31.38	42.6	17.2	26.15	57.8	17.2	99.06	26.56
2940792	SENSORS_VALUES	78	0	0	53.13	25.0	27.1	31.38	42.6	17.2	26.15	57.9	17.3	99.06	26.56
2950791	SENSORS_VALUES	78	0	0	53.13	25.0	27.2	31.38	42.6	17.2	26.12	58.1	17.3	99.06	26.56
2960792	SENSORS_VALUES	78	0	0	53.12	25.0	27.1	31.39	42.6	17.2	26.15	58.2	17.3	99.00	26.56
2970791	SENSORS_VALUES	78	0	0	53.12	25.0	27.1	31.39	42.6	17.2	26.14	58.2	17.3	99.00	26.56
2980793	SENSORS_VALUES	78	0	0	53.13	25.0	27.2	31.38	42.6	17.2	26.14	58.2	17.3	99.00	26.56
2990791	SENSORS_VALUES	78	0	0	53.10	25.0	27.1	31.39	42.6	17.2	26.12	58.2	17.3	99.00	26.56
3000793	SENSORS_VALUES	78	0	0	53.10	24.9	27.1	31.36	42.6	17.2	26.12	58.3	17.3	99.00	26.56
3010791	SENSORS_VALUES	78	0	0	53.12	25.0	27.1	31.39	42.6	17.2	26.12	58.3	17.3	99.00	26.63
3020793	SENSORS_VALUES	78	0	0	53.12	25.0	27.1	31.38	42.6	17.2	26.09	58.3	17.3	99.00	26.56
3030791	SENSORS_VALUES	78	0	0	53.13	25.0	27.1	31.41	42.6	17.2	26.09	58.4	17.3	99.00	26.56
3040792	SENSORS_VALUES	78	0	0	53.13	24.9	27.1	31.39	42.7	17.2	26.12	58.5	17.4	99.00	26.56
3050792	SENSORS_VALUES	78	0	0	53.12	24.9	27.1	31.38	42.6	17.2	26.11	58.5	17.4	99.06	26.56
3060792	SENSORS_VALUES	78	0	0	53.13	25.0	27.1	31.41	42.6	17.2	26.12	58.5	17.4	99.06	26.56
3070791	SENSORS_VALUES	78	0	0	53.15	25.0	27.2	31.42	42.6	17.2	26.09	58.5	17.3	99.06	26.56
3080792	SENSORS_VALUES	78	0	0	53.13	25.0	27.1	31.42	42.6	17.2	26.09	58.5	17.3	99.06	26.56
3090792	SENSORS_VALUES	78	0	0	53.15	24.9	27.1	31.38	42.6	17.2	26.09	58.5	17.4	99.06	26.56
3100791	SENSORS_VALUES	78	0	0	53.12	25.0	27.1	31.41	42.6	17.2	26.11	58.5	17.4	99.06	26.56
3110792	SENSORS_VALUES	78	0	0	53.12	25.0	27.2	31.41	42.7	17.2	26.11	58.4	17.4	99.06	26.56
3120791	SENSORS_VALUES	78	0	0	53.10	25.0	27.2	31.43	42.6	17.2	26.12	58.4	17.3	99.06	26.56
3130792	SENSORS_VALUES	78	0	0	53.12	24.9	27.1	31.41	42.6	17.2	26.14	58.4	17.4	99.06	26.63
3140791	SENSORS_VALUES	78	0	0	53.15	25.0	27.2	31.41	42.6	17.2	26.12	58.4	17.4	99.06	26.63
3150791	SENSORS_VALUES	78	0	0	53.13	25.0	27.1	31.42	42.7	17.2	26.12	58.4	17.4	99.06	26.63
3160793	SENSORS_VALUES	78	0	0	53.13	25.0	27.2	31.41	42.6	17.2	26.12	58.4	17.4	99.06	26.56
3170791	SENSORS_VALUES	78	0	0	53.13	25.0	27.2	31.43	42.6	17.3	26.11	58.4	17.4	99.06	26.56
3180793	SENSORS_VALUES	78	0	0	53.15	25.0	27.2	31.41	42.6	17.2	26.11	58.5	17.4	99.06	26.56
3190792	SENSORS_VALUES	78	0	0	53.15	25.0	27.2	31.41	42.6	17.2	26.12	58.5	17.4	99.00	26.56
3200791	SENSORS_VALUES	78	0	0	53.15	25.0	27.2	31.41	42.6	17.2	26.12	58.6	17.4	99.00	26.56
3210792	SENSORS_VALUES	78	0	0	53.13	25.0	27.2	31.45	42.6	17.3	26.11	58.5	17.4	99.00	26.56
3220791	SENSORS_VALUES	78	0	0	53.16	24.9	27.2	31.42	42.6	17.2	26.11	58.5	17.4	99.00	26.63
3230792	SENSORS_VALUES	78	0	0	53.15	25.0	27.2	31.42	42.7	17.3	26.11	58.5	17.4	99.00	26.56
3240791	SENSORS_VALUES	78	0	0	53.15	25.0	27.2	31.43	42.7	17.3	26.11	58.5	17.4	99.00	26.56
3250793	SENSORS_VALUES	78	0	0	53.16	25.0	27.2	31.42	42.7	17.2	26.11	58.5	17.4	99.00	26.56
3260791	SENSORS_VALUES	78	0	0	53.13	24.9	27.1	31.42	42.7	17.3	26.14	58.5	17.4	99.00	26.56
3270791	SENSORS_VALUES	78	0	0	53.12	25.0	27.1	31.43	42.7	17.3	26.14	58.5	17.4	99.00	26.63
3280792	SENSORS_VALUES	78	0	0	53.13	25.0	27.1	31.42	42.6	17.2	26.14	58.5	17.4	99.06	26.63
3290791	SENSORS_VALUES	78	0	0	53.13	25.0	27.1	31.42	42.7	17.3	26.12	58.5	17.4	99.00	26.56
3300792	SENSORS_VALUES	78	0	0	53.12	25.0	27.1	31.45	42.7	17.3	26.09	58.5	17.4	99.00	26.63
3310791	SENSORS_VALUES	78	0	0	53.13	24.9	27.1	31.42	42.7	17.3	26.12	58.5	17.4	99.00	26.56
3320793	SENSORS_VALUES	78	0	0	53.13	25.0	27.1	31.43	42.7	17.3	26.11	58.6	17.4	99.00	26.63
3330791	SENSORS_VALUES	78	0	0	53.12	24.9	27.1	31.42	42.7	17.2	26.12	58.6	17.4	99.00	26.56
3340792	SENSORS_VALUES	78	0	0	53.17	24.9	27.2	31.42	42.7	17.3	26.14	58.6	17.4	99.00	26.63
3350791	SENSORS_VALUES	78	0	0	53.12	25.0	27.1	31.42	42.7	17.3	26.11	58.6	17.4	99.00	26.63
3360792	SENSORS_VALUES	78	0	0	53.12	25.0	27.1	31.41	42.7	17.3	26.11	58.7	17.4	99.00	26.63
3370801	SENSORS_VALUES	78	0	0	53.13	24.9	27.1	31.42	42.7	17.2	26.09	58.7	17.4	99.00	26.63
3380792	SENSORS_VALUES	78	0	0	53.12	24.9	27.1	31.42	42.7	17.3	26.12	58.6	17.4	99.00	26.63
3390792	SENSORS_VALUES	78	0	0	53.13	24.9	27.1	31.43	42.7	17.3	26.14	58.7	17.5	99.00	26.63
3400791	SENSORS_VALUES	78	0	0	53.12	24.9	27.1	31.42	42.7	17.3	26.11	58.7	17.4	99.00	26.56
3410793	SENSORS_VALUES	78	0	0	53.15	24.9	27.1	31.45	42.8	17.3	26.11	58.6	17.4	99.00	26.56
3420791	SENSORS_VALUES	78	0	0	53.12	24.9	27.1	31.43	42.8	17.3	26.14	58.6	17.4	99.00	26.56
3430791	SENSORS_VALUES	78	0	0	53.10	25.0	27.1	31.42	42.7	17.3	26.14	58.5	17.4	99.00	26.56
3440792	SENSORS_VALUES	78	0	0	53.13	24.9	27.1	31.45	42.7	17.3	26.16	58.6	17.4	99.00	26.63
3450791	SENSORS_VALUES	78	0	0	53.13	24.9	27.1	31.42	42.8	17.3	26.16	58.5	17.4	99.00	26.63
3460792	SENSORS_VALUES	78	0	0	53.13	24.9	27.1	31.43	42.7	17.3	26.14	58.5	17.4	99.00	26.63
3470791	SENSORS_VALUES	78	0	0	53.13	24.9	27.1	31.42	42.8	17.3	26.16	58.5	17.4	99.00	26.56
3480792	SENSORS_VALUES	78	0	0	53.13	24.9	27.1	31.42	42.8	17.3	26.14	58.5	17.4	99.00	26.56
3490791	SENSORS_VALUES	78	0	0	53.12	25.0	27.1	31.43	42.8	17.3	26.18	58.5	17.4	99.00	26.63
3500792	SENSORS_VALUES	78	0	0	53.12	24.9	27.1	31.42	42.8	17.3	26.18	58.5	17.4	99.00	26.63
3510791	SENSORS_VALUES	78	0	0	53.12	24.9	27.1	31.41	42.8	17.3	26.16	58.4	17.4	99.00	26.56
3520792	SENSORS_VALUES	78	0	0	53.13	24.9	27.1	31.43	42.8	17.3	26.15	58.4	17.4	99.00	26.63
3530791	SENSORS_VALUES	78	0	0	53.13	24.9	27.1	31.42	42.8	17.3	26.15	58.5	17.4	99.00	26.63
3540792	SENSORS_VALUES	78	0	0	53.13	24.9	27.1	31.45	42.8	17.3	26.14	58.5	17.4	99.00	26.63
3550791	SENSORS_VALUES	78	0	0	53.12	24.9	27.1	31.42	42.8	17.3	26.15	58.5	17.4	99.00	26.63
3560792	SENSORS_VALUES	78	0	0	53.12	24.9	27.1	31.42	42.8	17.3	26.14	58.6	17.4	99.00	26.63
3570791	SENSORS_VALUES	78	0	0	53.10	25.0	27.1	31.43	42.8	17.3	26.16	58.6	17.5	99.00	26.63
3580792	SENSORS_VALUES	78	0	0	53.12	24.9	27.1	31.42	42.8	17.3	26.14	58.6	17.4	99.00	26.56
3590791	SENSORS_VALUES	78	0	0	53.12	24.9	27.1	31.43	42.8	17.3	26.15	58.6	17.4	99.00	26.56
3600792	SENSORS_VALUES	78	0	0	53.12	25.0	27.1	31.46	42.8	17.3	26.14	58.6	17.4	99.00	26.63
3610792	SENSORS_VALUES	78	0	0	53.12	24.9	27.1	31.45	42.8	17.3	26.14	58.6	17.4	99.00	26.63
3620791	SENSORS_VALUES	78	0	0	53.13	24.9	27.1	31.46	42.8	17.3	26.08	58.6	17.4	99.00	26.56
3630792	SENSORS_VALUES	78	0	0	53.12	24.9	27.1	31.46	42.8	17.3	26.08	58.6	17.4	98.94	26.56
3640791	SENSORS_VALUES	78	0	0	53.10	24.9	27.1	31.45	42.8	17.3	26.11	58.6	17.4	98.94	26.63
3650792	SENSORS_VALUES	78	0	0	53.12	24.9	27.1	31.43	42.8	17.3	26.11	58.6	17.4	98.94	26.63
3660791	SENSORS_VALUES	78	0	0	53.12	25.0	27.1	31.45	42.8	17.3	26.12	58.5	17.4	98.94	26.56
3670793	SENSORS_VALUES	78	0	0	53.10	24.9	27.1	31.43	42.8	17.3	26.11	58.5	17.4	98.94	26.63
3680791	SENSORS_VALUES	78	0	0	53.10	24.9	27.1	31.46	42.8	17.3	26.09	58.5	17.4	98.94	26.63
3690792	SENSORS_VALUES	78	0	0	53.09	24.9	27.1	31.43	42.8	17.3	26.06	58.5	17.3	98.94	26.56
3700792	SENSORS_VALUES	78	0	0	53.10	24.9	27.1	31.42	42.8	17.3	26.08	58.5	17.3	98.94	26.56
3710791	SENSORS_VALUES	78	0	0	53.12	24.9	27.1	31.46	42.8	17.3	26.02	58.5	17.3	98.94	26.56
3720792	SENSORS_VALUES	78	0	0	53.10	24.9	27.1	31.43	42.9	17.3	26.06	58.4	17.3	98.94	26.63
3730792	SENSORS_VALUES	78	0	0	53.12	25.0	27.1	31.42	42.8	17.3	26.06	58.3	17.3	98.94	26.56
3740792	SENSORS_VALUES	78	0	0	53.10	24.9	27.1	31.43	42.9	17.3	26.08	58.4	17.3	98.94	26.56
3750791	SENSORS_VALUES	78	0	0	53.10	24.9	27.1	31.41	42.8	17.3	26.08	58.3	17.3	99.00	26.56
3760791	SENSORS_VALUES	78	0	0	53.10	24.9	27.1	31.43	42.8	17.3	26.09	58.2	17.3	98.94	26.63
3770792	SENSORS_VALUES	78	0	0	53.12	24.9	27.1	31.45	42.8	17.3	26.09	58.2	17.3	98.94	26.63
3780791	SENSORS_VALUES	78	0	0	53.12	24.9	27.1	31.43	42.9	17.3	26.11	58.3	17.3	98.94	26.63
3790793	SENSORS_VALUES	78	0	0	53.10	24.8	27.0	31.45	42.9	17.4	26.06	58.3	17.3	99.00	26.63
3800792	SENSORS_VALUES	78	0	0	53.10	24.9	27.1	31.45	42.9	17.3	26.09	58.3	17.3	99.00	26.63
3810791	SENSORS_VALUES	78	0	0	53.12	24.9	27.1	31.45	42.8	17.3	26.11	58.2	17.3	99.00	26.63
3820792	SENSORS_VALUES	78	0	0	53.10	24.9	27.1	31.45	42.9	17.3	26.14	58.2	17.3	99.00	26.63
3830792	SENSORS_VALUES	78	0	0	53.10	24.9	27.1	31.45	42.9	17.4	26.12	58.2	17.3	99.00	26.63
3840792	SENSORS_VALUES	78	0	0	53.08	24.9	27.0	31.45	42.9	17.3	26.14	58.1	17.3	99.00	26.56
3850792	SENSORS_VALUES	78	0	0	53.10	24.9	27.1	31.42	42.9	17.3	26.16	58.1	17.3	98.94	26.63
3860792	SENSORS_VALUES	78	0	0	53.09	24.8	27.0	31.46	42.9	17.4	26.16	58.0	17.3	98.94	26.63
3870792	SENSORS_VALUES	78	0	0	53.10	24.8	27.0	31.43	42.9	17.4	26.18	58.0	17.3	98.94	26.63
3880791	SENSORS_VALUES	78	0	0	53.09	24.9	27.1	31.45	42.9	17.4	26.15	58.0	17.3	98.94	26.63
3890792	SENSORS_VALUES	78	0	0	53.09	24.9	27.1	31.45	42.9	17.4	26.15	58.0	17.3	99.00	26.63
3900791	SENSORS_VALUES	78	0	0	53.10	24.9	27.1	31.45	42.9	17.4	26.16	58.0	17.3	99.00	26.63
3910793	SENSORS_VALUES	78	0	0	53.12	24.9	27.1	31.43	42.9	17.4	26.15	58.0	17.3	98.94	26.63
3920792	SENSORS_VALUES	78	0	0	53.08	24.9	27.0	31.45	42.9	17.4	26.15	58.0	17.3	98.94	26.69
3930791	SENSORS_VALUES	78	0	0	53.10	24.9	27.1	31.45	43.0	17.4	26.18	57.9	17.3	98.94	26.63
3940792	SENSORS_VALUES	78	0	0	53.09	24.9	27.1	31.45	42.9	17.4	26.15	57.8	17.2	98.94	26.69
3950791	SENSORS_VALUES	78	0	0	53.09	24.9	27.1	31.45	42.9	17.4	26.16	57.9	17.3	98.94	26.63
3960791	SENSORS_VALUES	78	0	0	53.09	24.9	27.1	31.46	42.9	17.4	26.15	57.9	17.3	98.88	26.63
3970792	SENSORS_VALUES	78	0	0	53.09	24.9	27.1	31.43	42.9	17.4	26.19	57.9	17.3	98.88	26.63
3980792	SENSORS_VALUES	78	0	0	53.10	24.9	27.0	31.46	42.9	17.4	26.16	57.8	17.2	98.88	26.63
3990792	SENSORS_VALUES	78	0	0	53.09	24.9	27.1	31.42	42.9	17.3	26.16	57.7	17.2	98.88	26.69
4000791	SENSORS_VALUES	78	0	0	53.08	24.9	27.0	31.46	42.9	17.4	26.21	57.7	17.3	98.88	26.63
4010792	SENSORS_VALUES	78	0	0	53.10	24.8	27.0	31.45	42.9	17.4	26.16	57.6	17.2	98.88	26.63
4020791	SENSORS_VALUES	78	0	0	53.08	24.9	27.0	31.45	42.9	17.4	26.16	57.7	17.2	98.88	26.63
4030793	SENSORS_VALUES	78	0	0	53.08	24.8	27.0	31.46	43.0	17.4	26.21	57.7	17.2	98.88	26.63
4040792	SENSORS_VALUES	78	0	0	53.09	24.8	27.0	31.46	43.0	17.4	26.19	57.7	17.2	98.88	26.63
4050791	SENSORS_VALUES	78	0	0	53.10	24.8	27.0	31.43	43.0	17.4	26.18	57.7	17.2	98.88	26.63
4060791	SENSORS_VALUES	78	0	0	53.09	24.9	27.0	31.45	43.0	17.4	26.19	57.7	17.2	98.88	26.63
4070791	SENSORS_VALUES	78	0	0	53.08	24.8	27.0	31.43	43.0	17.4	26.16	57.7	17.2	98.94	26.63
4080792	SENSORS_VALUES	78	0	0	53.09	24.9	27.0	31.46	43.0	17.4	26.15	57.7	17.2	98.88	26.63
4090792	SENSORS_VALUES	78	0	0	53.09	24.9	27.1	31.45	43.0	17.4	26.11	57.8	17.2	98.88	26.69
4100791	SENSORS_VALUES	78	0	0	53.09	24.8	27.0	31.46	43.0	17.4	26.09	58.2	17.3	98.88	26.69
4110793	SENSORS_VALUES	78	0	0	53.06	24.9	27.0	31.45	43.0	17.4	26.12	58.2	17.3	98.88	26.63
4120792	SENSORS_VALUES	78	0	0	53.06	24.8	27.0	31.46	43.0	17.4	26.12	58.2	17.3	98.88	26.69
4130791	SENSORS_VALUES	78	0	0	53.08	24.9	27.1	31.46	43.0	17.4	26.11	58.1	17.3	98.94	26.69
4140792	SENSORS_VALUES	78	0	0	53.08	24.8	27.0	31.45	43.0	17.4	26.09	58.1	17.3	98.94	26.69
4150791	SENSORS_VALUES	78	0	0	53.05	24.9	27.0	31.46	43.0	17.4	26.11	58.1	17.3	98.94	26.69
4160793	SENSORS_VALUES	78	0	0	53.06	24.9	27.0	31.43	43.0	17.4	26.12	58.1	17.3	98.94	26.69
4170792	SENSORS_VALUES	78	0	0	53.06	24.8	27.0	31.45	43.0	17.4	26.16	58.1	17.3	98.88	26.63
4180791	SENSORS_VALUES	78	0	0	53.06	24.8	27.0	31.46	43.0	17.4	26.15	58.0	17.3	98.88	26.69
4190793	SENSORS_VALUES	78	0	0	53.10	24.9	27.1	31.45	43.0	17.4	26.16	58.1	17.3	98.88	26.63
4200791	SENSORS_VALUES	78	0	0	53.06	24.8	27.0	31.48	43.0	17.4	26.16	58.1	17.3	98.88	26.69
4210792	SENSORS_VALUES	78	0	0	53.06	24.8	27.0	31.45	43.1	17.4	26.16	58.0	17.3	98.88	26.63
4220792	SENSORS_VALUES	78	0	0	53.08	24.8	27.0	31.46	43.0	17.4	26.16	58.0	17.3	98.88	26.63
4230791	SENSORS_VALUES	78	0	0	53.06	24.8	27.0	31.48	43.0	17.4	26.19	58.0	17.3	98.88	26.69
4240793	SENSORS_VALUES	78	0	0	53.05	24.8	27.0	31.43	43.0	17.4	26.18	58.0	17.3	98.88	26.69
4250792	SENSORS_VALUES	78	0	0	53.05	24.8	26.9	31.45	43.0	17.4	26.21	57.9	17.3	98.94	26.69
4260791	SENSORS_VALUES	78	0	0	53.06	24.8	27.0	31.45	43.0	17.4	26.24	57.9	17.3	98.88	26.69
4270793	SENSORS_VALUES	78	0	0	53.06	24.8	26.9	31.46	43.0	17.4	26.24	57.9	17.3	98.88	26.69
4280791	SENSORS_VALUES	78	0	0	53.08	24.8	27.0	31.45	43.0	17.4	26.21	57.8	17.3	98.94	26.69
4290792	SENSORS_VALUES	78	0	0	53.05	24.8	27.0	31.48	43.0	17.4	26.22	57.8	17.3	98.94	26.69
4300792	SENSORS_VALUES	78	0	0	53.06	24.8	27.0	31.46	43.0	17.4	26.24	57.8	17.3	98.94	26.69
4310792	SENSORS_VALUES	78	0	0	53.06	24.8	27.0	31.46	43.1	17.4	26.25	57.7	17.3	98.94	26.69
4320791	SENSORS_VALUES	78	0	0	53.05	24.8	27.0	31.46	43.0	17.4	26.25	57.7	17.3	98.94	26.69
4330793	SENSORS_VALUES	78	0	0	53.06	24.8	27.0	31.45	43.0	17.4	26.26	57.7	17.3	98.88	26.69
4340792	SENSORS_VALUES	78	0	0	53.08	24.8	27.0	31.46	43.1	17.4	26.25	57.7	17.3	98.88	26.69
4350791	SENSORS_VALUES	78	0	0	53.06	24.8	27.0	31.46	43.0	17.4	26.26	57.7	17.3	98.88	26.69
4360792	SENSORS_VALUES	78	0	0	53.03	24.8	27.0	31.48	43.1	17.4	26.25	57.7	17.3	98.88	26.69
4370791	SENSORS_VALUES	78	0	0	53.06	24.8	27.0	31.46	43.0	17.4	26.25	57.7	17.3	98.88	26.63
4380792	SENSORS_VALUES	78	0	0	53.05	24.8	27.0	31.46	43.1	17.4	26.22	57.7	17.3	98.88	26.69
4390792	SENSORS_VALUES	78	0	0	53.06	24.8	26.9	31.48	43.0	17.4	26.21	57.8	17.3	98.88	26.69
4400791	SENSORS_VALUES	78	0	0	53.06	24.8	26.9	31.46	43.0	17.4	26.21	57.9	17.3	98.81	26.69
4410793	SENSORS_VALUES	78	0	0	53.08	24.8	27.0	31.49	43.1	17.5	26.21	57.8	17.3	98.81	26.69
4420791	SENSORS_VALUES	78	0	0	53.08	24.8	27.0	31.49	43.0	17.4	26.24	57.9	17.3	98.81	26.69
4430792	SENSORS_VALUES	78	0	0	53.06	24.8	27.0	31.48	43.1	17.4	26.19	57.9	17.3	98.81	26.75
4440792	SENSORS_VALUES	78	0	0	53.09	24.8	27.0	31.49	43.0	17.4	26.24	57.9	17.3	98.81	26.69
4450791	SENSORS_VALUES	78	0	0	53.03	24.8	27.0	31.49	43.1	17.5	26.24	57.9	17.3	98.81	26.69
4460792	SENSORS_VALUES	78	0	0	53.05	24.8	27.0	31.49	43.1	17.5	26.22	57.8	17.3	98.81	26.69
4470792	SENSORS_VALUES	78	0	0	53.06	24.8	27.0	31.50	43.0	17.5	26.24	57.8	17.3	98.88	26.75
4480791	SENSORS_VALUES	78	0	0	53.06	24.8	27.0	31.52	43.0	17.5	26.22	57.8	17.3	98.88	26.69
4490791	SENSORS_VALUES	78	0	0	53.06	24.8	27.0	31.48	43.0	17.4	26.24	58.6	17.5	98.88	26.69
4500792	SENSORS_VALUES	78	0	0	53.03	24.7	26.9	31.50	43.1	17.5	26.25	58.0	17.4	98.88	26.69
4510791	SENSORS_VALUES	78	0	0	53.03	24.8	26.9	31.49	43.0	17.4	26.25	57.7	17.3	98.88	26.69
4520792	SENSORS_VALUES	78	0	0	53.06	24.7	26.9	31.50	43.0	17.4	26.28	57.7	17.3	98.88	26.75
4530792	SENSORS_VALUES	78	0	0	53.03	24.8	26.9	31.52	43.0	17.5	26.25	57.7	17.3	98.88	26.75
4540792	SENSORS_VALUES	78	0	0	53.05	24.8	26.9	31.49	43.0	17.4	26.25	57.7	17.3	98.88	26.69
4550791	SENSORS_VALUES	78	0	0	53.06	24.7	26.9	31.49	43.1	17.5	26.29	57.7	17.3	98.88	26.69
4560792	SENSORS_VALUES	78	0	0	53.05	24.8	27.0	31.52	43.1	17.5	26.26	57.7	17.3	98.88	26.69
4570792	SENSORS_VALUES	78	0	0	53.05	24.8	27.0	31.52	43.0	17.5	26.28	57.7	17.3	98.88	26.69
4580791	SENSORS_VALUES	78	0	0	53.05	24.8	27.0	31.50	43.0	17.5	26.26	57.7	17.3	98.88	26.75
4590792	SENSORS_VALUES	78	0	0	53.05	24.8	26.9	31.52	43.0	17.5	26.29	57.6	17.3	98.88	26.75
4600791	SENSORS_VALUES	78	0	0	53.08	24.8	27.0	31.52	43.0	17.5	26.31	57.6	17.3	98.88	26.75
4610792	SENSORS_VALUES	78	0	0	53.06	24.8	26.9	31.52	43.0	17.5	26.29	57.7	17.3	98.94	26.75
4620792	SENSORS_VALUES	78	0	0	53.06	24.7	26.9	31.52	43.1	17.5	26.31	57.7	17.3	98.94	26.75
4630792	SENSORS_VALUES	78	0	0	53.06	24.7	26.9	31.55	43.1	17.5	26.31	57.6	17.3	98.94	26.75
4640791	SENSORS_VALUES	78	0	0	53.05	24.8	27.0	31.53	43.1	17.5	26.32	57.6	17.3	98.94	26.75
4650792	SENSORS_VALUES	78	0	0	53.03	24.7	26.9	31.53	43.0	17.5	26.31	57.6	17.3	98.94	26.75
4660791	SENSORS_VALUES	78	0	0	53.06	24.8	27.0	31.53	43.0	17.5	26.31	57.7	17.3	98.88	26.75
4670792	SENSORS_VALUES	78	0	0	53.08	24.8	27.0	31.50	43.0	17.5	26.28	57.9	17.4	98.88	26.75
4680791	SENSORS_VALUES	78	0	0	53.06	24.7	26.9	31.53	43.1	17.5	26.24	58.1	17.4	98.94	26.75
4690791	SENSORS_VALUES	78	0	0	53.06	24.8	27.0	31.52	43.1	17.5	26.21	58.1	17.4	98.94	26.75
4700792	SENSORS_VALUES	78	0	0	53.08	24.8	27.0	31.52	43.0	17.5	26.24	58.1	17.4	98.94	26.75
4710792	SENSORS_VALUES	78	0	0	53.06	24.8	26.9	31.53	43.0	17.5	26.22	58.0	17.3	99.00	26.81
4720791	SENSORS_VALUES	78	0	0	53.03	24.8	26.9	31.56	43.0	17.5	26.25	57.9	17.4	99.00	26.75
4730792	SENSORS_VALUES	78	0	0	53.06	24.8	27.0	31.56	43.1	17.5	26.26	58.0	17.4	99.00	26.75
4740791	SENSORS_VALUES	78	0	0	53.06	24.7	26.9	31.55	43.0	17.5	26.28	57.9	17.4	99.06	26.75
4750792	SENSORS_VALUES	78	0	0	53.06	24.7	26.9	31.56	43.1	17.5	26.28	57.9	17.4	99.06	26.81
4760793	SENSORS_VALUES	78	0	0	53.08	24.7	26.9	31.56	43.1	17.5	26.28	57.9	17.4	99.06	26.75
4770792	SENSORS_VALUES	78	0	0	53.05	24.7	26.9	31.56	43.1	17.5	26.34	58.0	17.5	99.06	26.75
4780791	SENSORS_VALUES	78	0	0	53.06	24.8	27.0	31.58	43.1	17.5	26.26	58.0	17.4	99.00	26.75
4790792	SENSORS_VALUES	78	0	0	53.08	24.8	27.0	31.59	43.1	17.6	26.26	58.0	17.4	99.00	26.75
4800791	SENSORS_VALUES	78	0	0	53.08	24.8	27.0	31.55	43.1	17.5	26.26	58.1	17.4	99.06	26.81
4810792	SENSORS_VALUES	78	0	0	53.09	24.8	27.0	31.58	43.1	17.5	26.26	58.0	17.4	99.06	26.75
4820792	SENSORS_VALUES	78	0	0	53.08	24.8	27.0	31.58	43.0	17.5	26.28	58.1	17.4	99.06	26.75
4830791	SENSORS_VALUES	78	0	0	53.08	24.7	26.9	31.58	43.1	17.5	26.25	58.1	17.4	99.06	26.75
4840792	SENSORS_VALUES	78	0	0	53.08	24.8	27.0	31.56	43.1	17.5	26.26	58.2	17.4	99.06	26.75
4850792	SENSORS_VALUES	78	0	0	53.08	24.8	27.0	31.58	43.1	17.5	26.22	58.6	17.5	99.06	26.75
4860791	SENSORS_VALUES	78	0	0	53.08	24.8	27.0	31.58	43.0	17.5	26.22	58.5	17.5	99.06	26.75
4870792	SENSORS_VALUES	78	0	0	53.09	24.8	27.0	31.56	43.1	17.5	26.25	58.4	17.5	99.06	26.75
4880791	SENSORS_VALUES	78	0	0	53.08	24.7	26.9	31.56	43.1	17.5	26.25	58.4	17.5	99.06	26.75
4890792	SENSORS_VALUES	78	0	0	53.10	24.8	27.0	31.58	43.1	17.5	26.25	58.3	17.5	99.06	26.81
4900791	SENSORS_VALUES	78	0	0	53.09	24.8	27.0	31.61	43.1	17.6	26.24	58.3	17.4	99.06	26.75
4910792	SENSORS_VALUES	78	0	0	53.09	24.7	26.9	31.59	43.1	17.5	26.26	58.4	17.5	99.06	26.75
4920792	SENSORS_VALUES	78	0	0	53.10	24.7	27.0	31.59	43.0	17.5	26.26	58.2	17.4	99.06	26.75
4930792	SENSORS_VALUES	78	0	0	53.10	24.8	27.0	31.58	43.1	17.5	26.26	58.0	17.4	99.06	26.75
4940791	SENSORS_VALUES	78	0	0	53.10	24.7	27.0	31.61	43.1	17.6	26.28	58.0	17.4	99.06	26.75
4950792	SENSORS_VALUES	78	0	0	53.10	24.8	27.0	31.62	43.0	17.6	26.26	57.9	17.4	99.06	26.81
4960792	SENSORS_VALUES	78	0	0	53.09	24.8	27.0	31.59	43.1	17.6	26.31	57.9	17.4	99.06	26.75
4970801	SENSORS_VALUES	78	0	0	53.09	24.8	27.0	31.62	43.1	17.6	26.32	58.0	17.4	99.13	26.75
4980792	SENSORS_VALUES	78	0	0	53.12	24.7	26.9	31.61	43.1	17.6	26.32	58.2	17.5	99.13	26.75
4990793	SENSORS_VALUES	78	0	0	53.10	24.7	26.9	31.62	43.1	17.6	26.35	58.2	17.5	99.13	26.81
5000791	SENSORS_VALUES	78	0	0	53.12	24.8	27.0	31.63	43.1	17.6	26.34	58.1	17.5	99.13	26.81
5010793	SENSORS_VALUES	78	0	0	53.12	24.7	27.0	31.61	43.1	17.6	26.36	58.1	17.5	99.13	26.81
5020792	SENSORS_VALUES	78	0	0	53.09	24.8	27.0	31.62	43.1	17.6	26.35	58.1	17.5	99.13	26.81
5030791	SENSORS_VALUES	78	0	0	53.12	24.8	27.0	31.61	43.1	17.6	26.36	58.2	17.5	99.13	26.75
5040792	SENSORS_VALUES	78	0	0	53.10	24.7	27.0	31.61	43.1	17.6	26.35	58.1	17.5	99.13	26.81
5050792	SENSORS_VALUES	78	0	0	53.10	24.7	27.0	31.63	43.1	17.6	26.35	58.1	17.5	99.13	26.81
5060791	SENSORS_VALUES	78	0	0	53.10	24.7	26.9	31.62	43.1	17.6	26.35	58.1	17.5	99.13	26.81
5070792	SENSORS_VALUES	78	0	0	53.13	24.7	27.0	31.63	43.1	17.6	26.34	58.1	17.5	99.13	26.81
5080792	SENSORS_VALUES	78	0	0	53.10	24.7	26.9	31.62	43.1	17.6	26.29	58.1	17.4	99.19	26.81
5090791	SENSORS_VALUES	78	0	0	53.13	24.7	27.0	31.63	43.1	17.6	26.35	58.0	17.5	99.13	26.81
5100792	SENSORS_VALUES	78	0	0	53.13	24.7	26.9	31.63	43.1	17.6	26.36	57.9	17.5	99.19	26.81
5110791	SENSORS_VALUES	78	0	0	53.13	24.7	27.0	31.63	43.1	17.6	26.36	57.9	17.5	99.19	26.81
5120792	SENSORS_VALUES	78	0	0	53.12	24.7	27.0	31.63	43.1	17.6	26.34	58.0	17.5	99.13	26.81
5130791	SENSORS_VALUES	78	0	0	53.15	24.7	27.0	31.63	43.1	17.6	26.32	58.0	17.4	99.13	26.81
5140792	SENSORS_VALUES	78	0	0	53.13	24.7	27.0	31.65	43.1	17.6	26.35	58.1	17.5	99.13	26.81
5150792	SENSORS_VALUES	78	0	0	53.13	24.7	27.0	31.66	43.1	17.6	26.34	58.2	17.5	99.13	26.81
5160791	SENSORS_VALUES	78	0	0	53.16	24.7	27.0	31.65	43.1	17.6	26.32	58.2	17.5	99.13	26.81
5170792	SENSORS_VALUES	78	0	0	53.15	24.7	27.0	31.65	43.1	17.6	26.35	58.3	17.5	99.13	26.81
5180791	SENSORS_VALUES	78	0	0	53.12	24.7	27.0	31.65	43.1	17.6	26.32	58.2	17.5	99.13	26.81
5190791	SENSORS_VALUES	78	0	0	53.16	24.7	27.0	31.68	43.1	17.6	26.34	58.2	17.5	99.13	26.81
5200791	SENSORS_VALUES	78	0	0	53.15	24.7	27.0	31.65	43.1	17.6	26.35	58.1	17.5	99.13	26.81
5210793	SENSORS_VALUES	78	0	0	53.17	24.7	27.0	31.66	43.1	17.6	26.36	58.2	17.5	99.13	26.81
5220793	SENSORS_VALUES	78	0	0	53.13	24.8	27.0	31.68	43.1	17.6	26.36	58.1	17.5	99.13	26.81
5230791	SENSORS_VALUES	78	0	0	53.17	24.7	27.0	31.66	43.1	17.6	26.38	58.1	17.5	99.13	26.81
5240792	SENSORS_VALUES	78	0	0	53.16	24.7	27.0	31.68	43.1	17.6	26.40	58.1	17.5	99.13	26.81
5250792	SENSORS_VALUES	78	0	0	53.16	24.7	27.0	31.66	43.1	17.6	26.42	58.0	17.5	99.13	26.81
5260791	SENSORS_VALUES	78	0	0	53.15	24.7	27.0	31.66	43.1	17.6	26.39	58.0	17.5	99.13	26.88
5270792	SENSORS_VALUES	78	0	0	53.16	24.7	27.0	31.68	43.1	17.6	26.39	58.0	17.5	99.13	26.88
5280791	SENSORS_VALUES	78	0	0	53.16	24.7	27.0	31.68	43.1	17.6	26.39	58.0	17.5	99.13	26.81
5290792	SENSORS_VALUES	78	0	0	53.17	24.7	27.0	31.69	43.1	17.7	26.40	57.9	17.5	99.13	26.81
5300791	SENSORS_VALUES	78	0	0	53.16	24.7	27.0	31.69	43.1	17.6	26.42	57.9	17.5	99.13	26.88
5310791	SENSORS_VALUES	78	0	0	53.16	24.7	27.0	31.66	43.1	17.6	26.42	58.1	17.5	99.13	26.81
5320792	SENSORS_VALUES	78	0	0	53.16	24.7	27.0	31.66	43.1	17.6	26.42	57.9	17.5	99.13	26.88
5330791	SENSORS_VALUES	78	0	0	53.16	24.7	27.0	31.68	43.1	17.7	26.45	58.0	17.6	99.13	26.81
5340792	SENSORS_VALUES	78	0	0	53.16	24.7	27.0	31.68	43.2	17.7	26.42	58.1	17.6	99.13	26.88
5350792	SENSORS_VALUES	78	0	0	53.19	24.7	27.0	31.69	43.1	17.7	26.45	58.0	17.6	99.13	26.88
5360791	SENSORS_VALUES	78	0	0	53.17	24.7	27.0	31.68	43.1	17.6	26.45	58.1	17.6	99.13	26.88
5370792	SENSORS_VALUES	78	0	0	53.19	24.7	27.0	31.71	43.1	17.7	26.43	58.0	17.5	99.13	26.88
5380791	SENSORS_VALUES	78	0	0	53.19	24.7	27.0	31.68	43.1	17.6	26.46	57.9	17.6	99.13	26.88
5390793	SENSORS_VALUES	78	0	0	53.16	24.7	27.0	31.68	43.1	17.6	26.43	58.0	17.5	99.13	26.88
5400792	SENSORS_VALUES	78	0	0	53.17	24.7	27.0	31.69	43.1	17.7	26.46	58.0	17.6	99.13	26.88
5410791	SENSORS_VALUES	78	0	0	53.17	24.7	27.0	31.71	43.2	17.7	26.45	57.8	17.5	99.13	26.88
5420793	SENSORS_VALUES	78	0	0	53.20	24.7	27.0	31.71	43.1	17.7	26.46	57.8	17.5	99.06	26.88
5430792	SENSORS_VALUES	78	0	0	53.20	24.7	27.0	31.71	43.1	17.7	26.45	57.7	17.5	99.13	26.88
5440791	SENSORS_VALUES	78	0	0	53.22	24.7	27.0	31.72	43.1	17.7	26.45	57.7	17.5	99.13	26.88
5450792	SENSORS_VALUES	78	0	0	53.22	24.8	27.1	31.71	43.2	17.7	26.46	57.8	17.5	99.13	26.88
5460792	SENSORS_VALUES	78	0	0	53.19	24.7	27.0	31.72	43.1	17.7	26.42	57.8	17.5	99.13	26.88
5470791	SENSORS_VALUES	78	0	0	53.20	24.7	27.0	31.72	43.1	17.7	26.39	57.9	17.5	99.13	26.94
5480792	SENSORS_VALUES	78	0	0	53.16	24.7	27.0	31.72	43.1	17.7	26.39	58.0	17.5	99.13	26.94
5490792	SENSORS_VALUES	78	0	0	53.20	24.6	27.0	31.72	43.1	17.7	26.36	58.1	17.5	99.13	26.94
5500791	SENSORS_VALUES	78	0	0	53.20	24.7	27.0	31.72	43.1	17.7	26.32	58.0	17.4	99.13	26.88
5510792	SENSORS_VALUES	78	0	0	53.20	24.6	27.0	31.72	43.1	17.7	26.35	58.1	17.5	99.13	26.94
5520791	SENSORS_VALUES	78	0	0	53.20	24.6	27.0	31.72	43.1	17.7	26.35	58.0	17.5	99.13	26.94
5530793	SENSORS_VALUES	78	0	0	53.20	24.7	27.0	31.72	43.1	17.7	26.38	58.1	17.5	99.13	26.88
5540792	SENSORS_VALUES	78	0	0	53.22	24.6	27.0	31.72	43.1	17.7	26.39	57.9	17.5	99.19	26.88
5550791	SENSORS_VALUES	78	0	0	53.22	24.7	27.0	31.73	43.2	17.7	26.36	58.0	17.5	99.13	26.94
5560792	SENSORS_VALUES	78	0	0	53.23	24.6	27.0	31.72	43.1	17.7	26.40	58.0	17.5	99.13	26.88
5570791	SENSORS_VALUES	78	0	0	53.20	24.7	27.0	31.76	43.1	17.7	26.39	58.0	17.5	99.13	26.88
5580792	SENSORS_VALUES	78	0	0	53.22	24.6	27.0	31.73	43.1	17.7	26.40	57.9	17.5	99.19	26.88
5590791	SENSORS_VALUES	78	0	0	53.22	24.6	27.0	31.72	43.1	17.7	26.42	57.9	17.5	99.13	26.88
5600792	SENSORS_VALUES	78	0	0	53.20	24.7	27.0	31.75	43.1	17.7	26.40	57.8	17.5	99.13	26.94
5610792	SENSORS_VALUES	78	0	0	53.23	24.7	27.0	31.75	43.1	17.7	26.43	57.8	17.5	99.13	26.88
5620792	SENSORS_VALUES	78	0	0	53.20	24.7	27.0	31.73	43.2	17.7	26.43	57.8	17.5	99.13	26.94
5630791	SENSORS_VALUES	78	0	0	53.23	24.6	27.0	31.72	43.2	17.7	26.42	57.8	17.5	99.13	26.88
5640792	SENSORS_VALUES	78	0	0	53.25	24.6	27.0	31.71	43.2	17.7	26.45	57.8	17.5	99.13	26.94
5650791	SENSORS_VALUES	78	0	0	53.23	24.6	27.0	31.75	43.2	17.7	26.42	57.8	17.5	99.13	26.94
5660792	SENSORS_VALUES	78	0	0	53.25	24.6	27.0	31.73	43.2	17.7	26.39	57.9	17.5	99.13	26.94
5670793	SENSORS_VALUES	78	0	0	53.23	24.7	27.0	31.77	43.1	17.7	26.36	58.0	17.5	99.13	26.94
5680791	SENSORS_VALUES	78	0	0	53.25	24.6	27.0	31.75	43.2	17.7	26.34	58.1	17.5	99.13	26.88
5690791	SENSORS_VALUES	78	0	0	53.20	24.6	27.0	31.75	43.2	17.8	26.32	58.2	17.5	99.13	26.88
5700792	SENSORS_VALUES	78	0	0	53.25	24.6	27.0	31.75	43.2	17.7	26.35	58.2	17.5	99.13	26.88
5710791	SENSORS_VALUES	78	0	0	53.23	24.7	27.0	31.75	43.2	17.7	26.36	58.2	17.5	99.13	26.94
5720793	SENSORS_VALUES	78	0	0	53.23	24.6	27.0	31.76	43.2	17.7	26.32	58.2	17.5	99.13	26.94
5730791	SENSORS_VALUES	78	0	0	53.25	24.6	27.0	31.75	43.2	17.7	26.26	58.3	17.5	99.13	26.94
5740792	SENSORS_VALUES	78	0	0	53.25	24.6	27.0	31.76	43.1	17.7	26.28	58.3	17.5	99.13	26.94
5750792	SENSORS_VALUES	78	0	0	53.23	24.7	27.0	31.75	43.2	17.7	26.26	58.3	17.5	99.13	26.88
5760791	SENSORS_VALUES	78	0	0	53.25	24.6	27.0	31.76	43.2	17.7	26.26	58.1	17.4	99.13	26.94
5770792	SENSORS_VALUES	78	0	0	53.27	24.6	27.0	31.75	43.2	17.7	26.28	58.1	17.4	99.13	26.94
5780791	SENSORS_VALUES	78	0	0	53.25	24.6	27.0	31.73	43.2	17.7	26.26	58.1	17.4	99.13	26.94
5790792	SENSORS_VALUES	78	0	0	53.26	24.6	27.0	31.79	43.2	17.8	26.28	58.2	17.5	99.13	26.94
5800791	SENSORS_VALUES	78	0	0	53.22	24.6	27.0	31.76	43.2	17.8	26.26	58.3	17.5	99.13	26.94
5810791	SENSORS_VALUES	78	0	0	53.26	24.6	27.0	31.76	43.2	17.7	26.28	58.2	17.5	99.13	26.94
5820792	SENSORS_VALUES	78	0	0	53.26	24.6	27.0	31.76	43.2	17.8	26.28	58.3	17.5	99.13	26.88
5830792	SENSORS_VALUES	78	0	0	53.27	24.7	27.1	31.75	43.2	17.7	26.28	58.2	17.5	99.06	26.88
5840791	SENSORS_VALUES	78	0	0	53.27	24.7	27.1	31.75	43.2	17.7	26.28	58.2	17.4	99.13	26.88
5850792	SENSORS_VALUES	78	0	0	53.25	24.6	27.0	31.76	43.2	17.8	26.29	58.1	17.4	99.13	26.94
5860792	SENSORS_VALUES	78	0	0	53.27	24.6	27.0	31.77	43.2	17.8	26.32	58.1	17.5	99.06	26.94
5870801	SENSORS_VALUES	78	0	0	53.29	24.6	27.0	31.76	43.2	17.7	26.32	58.1	17.5	99.13	26.94
5880792	SENSORS_VALUES	78	0	0	53.25	24.6	27.0	31.73	43.2	17.7	26.35	58.2	17.5	99.06	26.94
5890792	SENSORS_VALUES	78	0	0	53.27	24.6	27.0	31.76	43.2	17.8	26.39	58.1	17.5	99.06	26.94
5900792	SENSORS_VALUES	78	0	0	53.26	24.6	27.0	31.77	43.2	17.8	26.36	58.0	17.5	99.06	26.94
5910792	SENSORS_VALUES	78	0	0	53.26	24.6	27.0	31.77	43.3	17.8	26.36	57.9	17.5	99.00	26.94
5920792	SENSORS_VALUES	78	0	0	53.29	24.6	27.0	31.76	43.2	17.8	26.36	57.9	17.5	99.00	26.94
5930791	SENSORS_VALUES	78	0	0	53.27	24.6	27.0	31.76	43.3	17.8	26.40	57.9	17.5	99.00	26.94
5940792	SENSORS_VALUES	78	0	0	53.29	24.6	27.0	31.76	43.3	17.8	26.39	57.8	17.5	99.00	26.94
5950791	SENSORS_VALUES	78	0	0	53.26	24.6	27.0	31.77	43.3	17.8	26.43	57.8	17.5	99.00	26.94
5960792	SENSORS_VALUES	78	0	0	53.26	24.5	27.0	31.77	43.3	17.8	26.45	57.8	17.5	99.00	26.94
5970792	SENSORS_VALUES	78	0	0	53.29	24.6	27.0	31.77	43.3	17.8	26.43	57.8	17.5	99.00	26.94
5980791	SENSORS_VALUES	78	0	0	53.29	24.5	27.0	31.76	43.3	17.8	26.42	57.8	17.5	99.00	26.94
5990792	SENSORS_VALUES	78	0	0	53.29	24.6	27.0	31.76	43.2	17.8	26.48	57.7	17.5	99.00	26.94
6000791	SENSORS_VALUES	78	0	0	53.30	24.6	27.0	31.77	43.3	17.8	26.43	57.6	17.4	99.00	26.94
6010792	SENSORS_VALUES	78	0	0	53.30	24.6	27.1	31.76	43.3	17.8	26.49	57.6	17.5	99.06	26.94
6020792	SENSORS_VALUES	78	0	0	53.27	24.5	26.9	31.77	43.3	17.8	26.48	57.6	17.5	99.06	26.94
6030791	SENSORS_VALUES	78	0	0	53.29	24.6	27.0	31.77	43.3	17.8	26.46	57.5	17.4	99.06	26.94
6040792	SENSORS_VALUES	78	0	0	53.27	24.5	27.0	31.77	43.2	17.8	26.48	57.5	17.4	99.06	26.94
6050791	SENSORS_VALUES	78	0	0	53.27	24.6	27.0	31.79	43.2	17.8	26.46	57.6	17.4	99.06	26.94
6060792	SENSORS_VALUES	78	0	0	53.29	24.6	27.0	31.80	43.3	17.8	26.48	57.6	17.5	99.00	26.94
6070792	SENSORS_VALUES	78	0	0	53.29	24.6	27.0	31.77	43.2	17.8	26.49	57.6	17.5	99.00	27.00
6080791	SENSORS_VALUES	78	0	0	53.29	24.5	27.0	31.77	43.3	17.8	26.49	57.3	17.4	99.00	26.94
6090792	SENSORS_VALUES	78	0	0	53.27	24.6	27.0	31.77	43.3	17.8	26.50	57.3	17.4	99.00	27.00
6100791	SENSORS_VALUES	78	0	0	53.29	24.6	27.0	31.80	43.3	17.8	26.49	57.4	17.4	99.06	27.00
6110792	SENSORS_VALUES	78	0	0	53.30	24.6	27.0	31.79	43.3	17.8	26.45	57.4	17.4	99.06	27.00
6120792	SENSORS_VALUES	78	0	0	53.27	24.6	27.0	31.82	43.3	17.8	26.48	57.4	17.4	99.06	27.00
6130793	SENSORS_VALUES	78	0	0	53.29	24.5	27.0	31.80	43.3	17.8	26.43	57.4	17.4	99.06	26.94
6140791	SENSORS_VALUES	78	0	0	53.29	24.5	27.0	31.79	43.3	17.8	26.45	57.3	17.4	99.06	27.00
6150791	SENSORS_VALUES	78	0	0	53.29	24.5	27.0	31.80	43.3	17.8	26.43	57.3	17.4	99.06	27.00
6160792	SENSORS_VALUES	78	0	0	53.29	24.5	27.0	31.80	43.3	17.8	26.42	57.4	17.4	99.06	27.00
6170791	SENSORS_VALUES	78	0	0	53.30	24.5	27.0	31.79	43.3	17.8	26.43	57.5	17.4	99.06	27.00
6180792	SENSORS_VALUES	78	0	0	53.30	24.6	27.0	31.82	43.3	17.8	26.42	57.5	17.4	99.06	27.00
6190791	SENSORS_VALUES	78	0	0	53.32	24.5	27.0	31.83	43.3	17.9	26.38	57.5	17.4	99.06	27.00
6200792	SENSORS_VALUES	78	0	0	53.27	24.6	27.0	31.82	43.3	17.8	26.40	57.5	17.4	99.06	27.00
6210791	SENSORS_VALUES	78	0	0	53.29	24.6	27.0	31.80	43.3	17.8	26.39	57.4	17.4	99.06	27.00
6220793	SENSORS_VALUES	78	0	0	53.30	24.5	27.0	31.80	43.3	17.8	26.38	57.5	17.4	99.06	27.00
6230792	SENSORS_VALUES	78	0	0	53.32	24.5	27.0	31.80	43.3	17.8	26.39	57.5	17.4	99.06	27.00
6240792	SENSORS_VALUES	78	0	0	53.30	24.5	27.0	31.80	43.3	17.8	26.36	57.5	17.4	99.13	27.00
6250792	SENSORS_VALUES	78	0	0	53.30	24.5	27.0	31.82	43.3	17.8	26.38	57.6	17.4	99.13	27.00
6260791	SENSORS_VALUES	78	0	0	53.29	24.5	27.0	31.83	43.3	17.9	26.35	57.5	17.3	99.13	27.00
6270792	SENSORS_VALUES	78	0	0	53.29	24.5	26.9	31.82	43.3	17.8	26.32	57.5	17.3	99.13	27.00
6280791	SENSORS_VALUES	78	0	0	53.29	24.5	27.0	31.83	43.3	17.9	26.34	57.6	17.3	99.13	27.00
6290792	SENSORS_VALUES	78	0	0	53.32	24.5	27.0	31.82	43.3	17.8	26.34	57.6	17.3	99.06	27.00
6300792	SENSORS_VALUES	78	0	0	53.29	24.5	26.9	31.83	43.4	17.9	26.32	57.5	17.3	99.06	26.94
6310791	SENSORS_VALUES	78	0	0	53.29	24.6	27.0	31.82	43.3	17.8	26.34	57.5	17.3	99.06	26.94
6320793	SENSORS_VALUES	78	0	0	53.33	24.5	27.0	31.82	43.3	17.8	26.32	57.5	17.3	99.06	27.00
6330791	SENSORS_VALUES	78	0	0	53.30	24.5	26.9	31.82	43.3	17.8	26.34	57.4	17.3	99.06	27.00
6340792	SENSORS_VALUES	78	0	0	53.30	24.5	27.0	31.83	43.3	17.8	26.35	57.4	17.3	99.06	27.00
6350791	SENSORS_VALUES	78	0	0	53.32	24.5	26.9	31.80	43.3	17.8	26.36	57.4	17.3	99.06	27.00
6360792	SENSORS_VALUES	78	0	0	53.32	24.5	27.0	31.82	43.3	17.8	26.39	57.5	17.4	99.06	27.00
6370792	SENSORS_VALUES	78	0	0	53.32	24.5	27.0	31.82	43.4	17.9	26.39	57.4	17.3	99.13	26.94
6380791	SENSORS_VALUES	78	0	0	53.30	24.5	27.0	31.80	43.3	17.8	26.38	57.4	17.3	99.06	27.00
6390791	SENSORS_VALUES	78	0	0	53.30	24.5	27.0	31.83	43.3	17.9	26.40	57.4	17.3	99.06	26.94
6400792	SENSORS_VALUES	78	0	0	53.32	24.5	27.0	31.82	43.3	17.8	26.43	57.3	17.4	99.06	27.00
6410791	SENSORS_VALUES	78	0	0	53.30	24.5	27.0	31.82	43.4	17.9	26.43	57.3	17.4	99.06	27.00
6420792	SENSORS_VALUES	78	0	0	53.32	24.5	27.0	31.80	43.3	17.8	26.43	57.3	17.3	99.06	27.00
6430792	SENSORS_VALUES	78	0	0	53.35	24.5	27.0	31.82	43.3	17.8	26.46	57.3	17.4	99.06	27.00
6440791	SENSORS_VALUES	78	0	0	53.30	24.5	27.0	31.82	43.3	17.8	26.48	57.2	17.4	99.06	27.00
6450792	SENSORS_VALUES	78	0	0	53.32	24.5	27.0	31.82	43.3	17.8	26.48	57.2	17.4	99.06	27.00
6460792	SENSORS_VALUES	78	0	0	53.33	24.5	27.0	31.83	43.4	17.9	26.48	57.2	17.4	99.06	27.00
6470792	SENSORS_VALUES	78	0	0	53.32	24.5	27.0	31.84	43.4	17.9	26.46	57.2	17.3	99.06	27.00
6480792	SENSORS_VALUES	78	0	0	53.35	24.5	27.0	31.86	43.4	17.9	26.48	57.2	17.4	99.06	27.00
6490791	SENSORS_VALUES	78	0	0	53.32	24.4	26.9	31.86	43.4	17.9	26.48	57.1	17.3	99.13	27.00
6500792	SENSORS_VALUES	78	0	0	53.35	24.4	27.0	31.83	43.4	17.9	26.48	57.1	17.3	99.06	27.00
6510791	SENSORS_VALUES	78	0	0	53.35	24.5	27.0	31.82	43.4	17.9	26.49	57.1	17.3	99.06	27.00
6520793	SENSORS_VALUES	78	0	0	53.30	24.5	27.0	31.83	43.4	17.9	26.48	57.2	17.4	99.06	27.00
6530792	SENSORS_VALUES	78	0	0	53.32	24.4	26.9	31.84	43.4	17.9	26.49	57.1	17.4	99.13	27.00
6540791	SENSORS_VALUES	78	0	0	53.32	24.5	26.9	31.80	43.4	17.9	26.50	57.1	17.3	99.13	27.00
6550792	SENSORS_VALUES	78	0	0	53.33	24.5	27.0	31.83	43.4	17.9	26.48	57.0	17.3	99.13	27.00
6560791	SENSORS_VALUES	78	0	0	53.29	24.5	26.9	31.83	43.4	17.9	26.50	57.0	17.3	99.13	27.00
6570792	SENSORS_VALUES	78	0	0	53.30	24.5	27.0	31.83	43.4	17.9	26.48	57.1	17.3	99.13	27.06
6580793	SENSORS_VALUES	78	0	0	53.32	24.5	27.0	31.84	43.4	17.9	26.49	57.2	17.4	99.13	27.00
6590792	SENSORS_VALUES	78	0	0	53.35	24.5	27.0	31.84	43.3	17.9	26.46	57.3	17.4	99.19	27.00
6600791	SENSORS_VALUES	78	0	0	53.33	24.5	27.0	31.86	43.4	17.9	26.45	57.2	17.3	99.13	27.00
6610792	SENSORS_VALUES	78	0	0	53.32	24.5	27.0	31.83	43.4	17.9	26.45	57.2	17.3	99.19	27.00
6620791	SENSORS_VALUES	78	0	0	53.35	24.5	27.0	31.84	43.4	17.9	26.42	57.4	17.4	99.19	27.00
6630793	SENSORS_VALUES	78	0	0	53.35	24.5	27.0	31.83	43.4	17.9	26.45	57.4	17.4	99.19	27.00
6640792	SENSORS_VALUES	78	0	0	53.32	24.5	26.9	31.84	43.4	17.9	26.42	57.5	17.4	99.19	27.00
6650791	SENSORS_VALUES	78	0	0	53.36	24.5	27.0	31.84	43.4	17.9	26.46	57.5	17.4	99.19	27.00
6660792	SENSORS_VALUES	78	0	0	53.33	24.4	26.9	31.84	43.4	17.9	26.48	57.5	17.5	99.19	27.06
6670791	SENSORS_VALUES	78	0	0	53.36	24.5	27.0	31.86	43.4	17.9	26.46	57.5	17.4	99.19	27.00
6680793	SENSORS_VALUES	78	0	0	53.33	24.5	27.0	31.86	43.4	17.9	26.48	57.3	17.4	99.19	27.00
6690792	SENSORS_VALUES	78	0	0	53.35	24.4	26.9	31.86	43.4	17.9	26.46	57.1	17.3	99.19	27.06
6700793	SENSORS_VALUES	78	0	0	53.33	24.5	27.0	31.86	43.4	17.9	26.48	57.1	17.3	99.19	27.00
6710792	SENSORS_VALUES	78	0	0	53.33	24.5	27.0	31.84	43.4	17.9	26.48	57.2	17.4	99.19	27.06
6720791	SENSORS_VALUES	78	0	0	53.33	24.5	27.0	31.84	43.4	17.9	26.50	57.4	17.4	99.19	27.06
6730793	SENSORS_VALUES	78	0	0	53.37	24.4	27.0	31.87	43.4	17.9	26.50	57.3	17.4	99.19	27.06
6740792	SENSORS_VALUES	78	0	0	53.35	24.5	27.0	31.84	43.4	17.9	26.52	57.2	17.4	99.19	27.06
6750791	SENSORS_VALUES	78	0	0	53.36	24.4	27.0	31.89	43.4	17.9	26.53	57.1	17.4	99.19	27.06
6760792	SENSORS_VALUES	78	0	0	53.35	24.5	27.0	31.86	43.4	17.9	26.53	57.0	17.4	99.25	27.06
6770791	SENSORS_VALUES	78	0	0	53.36	24.5	27.0	31.87	43.4	17.9	26.52	57.0	17.4	99.25	27.06
6780792	SENSORS_VALUES	78	0	0	53.37	24.4	27.0	31.84	43.4	17.9	26.49	57.2	17.4	99.25	27.00
6790791	SENSORS_VALUES	78	0	0	53.35	24.4	26.9	31.86	43.4	17.9	26.49	57.1	17.3	99.25	27.06
6800792	SENSORS_VALUES	78	0	0	53.35	24.4	27.0	31.87	43.4	17.9	26.46	56.9	17.3	99.25	27.06
6810792	SENSORS_VALUES	78	0	0	53.36	24.4	27.0	31.87	43.4	17.9	26.48	57.0	17.3	99.25	27.06
6820791	SENSORS_VALUES	78	0	0	53.35	24.4	26.9	31.89	43.4	17.9	26.49	57.0	17.3	99.25	27.13
6830792	SENSORS_VALUES	78	0	0	53.36	24.4	27.0	31.87	43.4	17.9	26.49	57.0	17.3	99.19	27.06
6840791	SENSORS_VALUES	78	0	0	53.39	24.4	27.0	31.87	43.5	17.9	26.49	57.1	17.3	99.19	27.06
6850793	SENSORS_VALUES	78	0	0	53.35	24.4	26.9	31.86	43.4	17.9	26.48	57.0	17.3	99.19	27.00
6860792	SENSORS_VALUES	78	0	0	53.37	24.5	27.0	31.84	43.5	17.9	26.46	57.1	17.3	99.19	27.06
6870791	SENSORS_VALUES	78	0	0	53.36	24.5	27.0	31.87	43.4	17.9	26.46	57.2	17.3	99.19	27.06
6880792	SENSORS_VALUES	78	0	0	53.37	24.5	27.0	31.87	43.4	17.9	26.48	57.1	17.3	99.19	27.06
6890791	SENSORS_VALUES	78	0	0	53.36	24.4	26.9	31.87	43.4	17.9	26.46	57.1	17.3	99.19	27.06
