78	SENSORS_HEADER	heater_heater	silicagel_Fan	ambient_Fan	silicagel_C	silicagel_rH	silicagel_dew	board_C	board_rH	board_dew	ext_C	ext_rH	ext_dew	heater_C	aux_C
80	SM_STATE	'none' -> 'regenerate' Statemachine initialization
877	SENSORS_VALUES	78	0	0	29.67	25.2	7.7	26.87	16.4	-0.7	24.60	57.8	15.8	74.81	24.81
10792	SENSORS_VALUES	78	0	0	29.82	25.8	8.1	26.93	16.4	-0.6	24.58	57.9	15.8	75.31	24.88
11692	SM_STATE	'regenerate' -> 'dryfan' Manual intervention
20780	LOG_INFO	len=0, append(-0.4041748)
20794	SENSORS_VALUES	0	1	0	30.01	25.5	8.1	26.94	16.7	-0.4	24.60	57.7	15.8	74.50	24.81
30791	SENSORS_VALUES	0	1	0	30.15	26.5	8.8	26.97	17.3	0.1	24.59	57.7	15.7	71.38	24.88
40791	SENSORS_VALUES	0	1	0	30.32	27.3	9.4	26.94	17.9	0.5	24.62	57.6	15.7	67.75	24.88
50791	SENSORS_VALUES	0	1	0	30.48	27.9	9.9	26.97	18.3	0.9	24.60	57.5	15.7	64.38	24.88
60792	SENSORS_VALUES	0	1	0	30.66	28.4	10.3	26.93	18.7	1.2	24.62	57.5	15.7	61.38	24.88
70791	SENSORS_VALUES	0	1	0	30.84	28.7	10.6	26.97	19.1	1.5	24.65	57.5	15.7	58.81	24.88
80781	LOG_INFO	len=1, append(1.664093)
80799	SENSORS_VALUES	0	1	0	30.98	28.9	10.8	26.96	19.3	1.7	24.66	57.4	15.7	56.44	24.81
90792	SENSORS_VALUES	0	1	0	31.15	29.0	11.0	26.96	19.7	1.9	24.65	57.5	15.7	54.38	24.81
100791	SENSORS_VALUES	0	1	0	31.33	28.9	11.1	26.96	19.9	2.0	24.66	57.4	15.7	52.56	24.88
110792	SENSORS_VALUES	0	1	0	31.50	28.7	11.2	26.96	20.1	2.2	24.72	57.4	15.8	50.94	24.88
120791	SENSORS_VALUES	0	1	0	31.63	28.5	11.2	26.96	20.2	2.3	24.69	57.3	15.7	49.44	24.94
130791	SENSORS_VALUES	0	1	0	31.79	28.2	11.2	26.96	20.4	2.4	24.69	57.3	15.7	48.06	24.88
140780	LOG_INFO	len=2, append(2.480499)
140795	SENSORS_VALUES	0	1	0	31.90	27.9	11.1	26.98	20.5	2.5	24.72	57.3	15.8	46.88	24.88
150791	SENSORS_VALUES	0	1	0	32.02	27.6	11.0	27.00	20.6	2.6	24.70	57.3	15.7	45.75	24.88
160792	SENSORS_VALUES	0	1	0	32.13	27.2	10.9	26.98	20.7	2.6	24.72	57.3	15.7	44.75	24.88
170791	SENSORS_VALUES	0	1	0	32.20	26.9	10.8	26.97	20.8	2.7	24.72	57.3	15.8	43.81	24.94
180791	SENSORS_VALUES	0	1	0	32.28	26.5	10.7	26.96	20.9	2.7	24.73	57.3	15.8	42.94	24.94
190791	SENSORS_VALUES	0	1	0	32.35	26.2	10.5	26.98	20.9	2.8	24.77	57.1	15.7	42.19	24.94
200780	LOG_INFO	len=3, append(2.794342)
200794	SENSORS_VALUES	0	1	0	32.40	25.9	10.4	26.98	20.9	2.8	24.75	57.2	15.8	41.44	24.94
210791	SENSORS_VALUES	0	1	0	32.45	25.6	10.3	26.96	20.9	2.8	24.76	57.2	15.8	40.81	24.94
220792	SENSORS_VALUES	0	1	0	32.47	25.3	10.1	26.94	20.9	2.8	24.77	57.1	15.7	40.19	25.00
230792	SENSORS_VALUES	0	1	0	32.48	25.0	9.9	26.93	21.0	2.8	24.76	57.1	15.7	39.63	24.94
240791	SENSORS_VALUES	0	1	0	32.48	24.7	9.8	26.96	21.0	2.8	24.76	57.2	15.8	39.13	24.94
250791	SENSORS_VALUES	0	1	0	32.48	24.5	9.6	26.94	20.9	2.8	24.77	57.2	15.8	38.63	24.94
260780	LOG_INFO	len=4, append(2.767273)
260795	SENSORS_VALUES	0	1	0	32.47	24.1	9.4	26.94	20.9	2.8	24.77	57.2	15.8	38.13	25.00
270792	SENSORS_VALUES	0	1	0	32.48	24.0	9.3	26.91	20.9	2.7	24.77	57.2	15.8	37.69	25.00
280791	SENSORS_VALUES	0	1	0	32.41	23.8	9.1	26.91	20.9	2.7	24.75	57.2	15.8	37.31	25.00
290791	SENSORS_VALUES	0	1	0	32.42	23.5	9.0	26.93	20.9	2.7	24.79	57.3	15.8	36.94	25.00
300791	SENSORS_VALUES	0	1	0	32.38	23.3	8.8	26.91	20.9	2.7	24.82	57.1	15.8	36.56	25.00
310791	SENSORS_VALUES	0	1	0	32.34	23.1	8.7	26.91	20.8	2.6	24.77	57.2	15.8	36.25	25.00
320779	LOG_INFO	len=5, append(2.596161)
320794	SENSORS_VALUES	0	1	0	32.28	23.0	8.5	26.90	20.7	2.6	24.77	57.3	15.8	35.94	25.00
330791	SENSORS_VALUES	0	1	0	32.23	22.8	8.4	26.90	20.7	2.6	24.76	57.3	15.8	35.63	25.00
340791	SENSORS_VALUES	0	1	0	32.17	22.7	8.2	26.90	20.6	2.5	24.75	57.3	15.8	35.31	25.06
350791	SENSORS_VALUES	0	1	0	32.13	22.5	8.1	26.90	20.5	2.4	24.76	57.3	15.8	35.06	25.06
360791	SENSORS_VALUES	0	1	0	32.04	22.4	8.0	26.89	20.5	2.4	24.76	57.3	15.8	34.81	25.00
370791	SENSORS_VALUES	0	1	0	31.99	22.2	7.8	26.89	20.4	2.4	24.77	57.3	15.8	34.56	25.06
380780	LOG_INFO	len=6, append(2.352081)
380794	SENSORS_VALUES	0	1	0	31.92	22.2	7.7	26.89	20.4	2.4	24.76	57.2	15.8	34.31	25.00
390791	SENSORS_VALUES	0	1	0	31.87	22.0	7.5	26.84	20.3	2.2	24.75	57.3	15.8	34.13	25.00
400791	SENSORS_VALUES	0	1	0	31.76	21.9	7.4	26.87	20.2	2.2	24.79	57.3	15.8	33.94	25.06
410791	SENSORS_VALUES	0	1	0	31.72	21.8	7.3	26.86	20.1	2.1	24.76	57.4	15.8	33.75	25.06
420792	SENSORS_VALUES	0	1	0	31.65	21.8	7.2	26.84	20.0	2.0	24.79	57.2	15.8	33.50	25.00
430792	SENSORS_VALUES	0	1	0	31.58	21.7	7.1	26.83	20.0	2.0	24.82	57.3	15.8	33.31	25.06
440780	LOG_INFO	len=7, append(1.950134)
440794	SENSORS_VALUES	0	1	0	31.49	21.6	6.9	26.84	19.9	2.0	24.83	57.2	15.8	33.19	25.00
450792	SENSORS_VALUES	0	1	0	31.43	21.6	6.9	26.84	19.8	1.9	24.83	57.0	15.8	33.00	25.06
460792	SENSORS_VALUES	0	1	0	31.35	21.4	6.7	26.83	19.8	1.9	24.86	57.1	15.8	32.88	25.06
470791	SENSORS_VALUES	0	1	0	31.26	21.3	6.6	26.80	19.7	1.8	24.85	57.0	15.8	32.69	25.06
480791	SENSORS_VALUES	0	1	0	31.18	21.3	6.5	26.83	19.6	1.7	24.83	56.9	15.7	32.56	25.06
490792	SENSORS_VALUES	0	1	0	31.12	21.2	6.4	26.82	19.5	1.6	24.85	56.7	15.7	32.44	25.06
500780	LOG_INFO	len=8, append(1.596741)
500794	SENSORS_VALUES	0	1	0	31.04	21.2	6.3	26.80	19.4	1.6	24.85	57.0	15.8	32.25	25.06
510791	SENSORS_VALUES	0	1	0	30.95	21.1	6.2	26.80	19.3	1.5	24.89	57.1	15.8	32.13	25.06
520791	SENSORS_VALUES	0	1	0	30.90	21.1	6.1	26.79	19.3	1.5	24.90	56.9	15.8	32.00	25.06
530791	SENSORS_VALUES	0	1	0	30.81	21.1	6.0	26.79	19.2	1.4	24.87	57.1	15.8	31.94	25.06
540791	SENSORS_VALUES	0	1	0	30.73	21.1	6.0	26.79	19.1	1.4	24.86	57.2	15.9	31.75	25.06
550791	SENSORS_VALUES	0	1	0	30.64	21.0	5.9	26.79	19.0	1.3	24.86	57.2	15.8	31.69	25.06
560780	LOG_INFO	len=9, append(1.237518)
560794	SENSORS_VALUES	0	1	0	30.57	20.9	5.8	26.79	18.9	1.2	24.89	57.2	15.9	31.56	25.06
570792	SENSORS_VALUES	0	1	0	30.53	21.0	5.8	26.79	18.8	1.2	24.86	57.2	15.9	31.44	25.06
580791	SENSORS_VALUES	0	1	0	30.44	20.9	5.6	26.76	18.8	1.1	24.82	57.3	15.8	31.38	25.06
590792	SENSORS_VALUES	0	1	0	30.37	20.9	5.6	26.74	18.7	1.0	24.80	57.3	15.8	31.25	25.06
600792	SENSORS_VALUES	0	1	0	30.29	20.8	5.4	26.77	18.6	1.0	24.80	57.4	15.8	31.19	25.13
610791	SENSORS_VALUES	0	1	0	30.22	20.9	5.4	26.74	18.5	0.9	24.85	57.4	15.9	31.06	25.06
620781	LOG_INFO	len=10, append(0.8117371)
620783	LOG_INFO	reduction_dew_C=1.2
620797	SENSORS_VALUES	0	1	0	30.15	20.8	5.3	26.73	18.4	0.8	24.86	57.3	15.9	31.00	25.06
630791	SENSORS_VALUES	0	1	0	30.08	20.8	5.2	26.74	18.4	0.8	24.83	57.0	15.8	30.88	25.13
640792	SENSORS_VALUES	0	1	0	30.02	20.8	5.2	26.74	18.3	0.7	24.86	57.0	15.8	30.81	25.06
650792	SENSORS_VALUES	0	1	0	29.92	20.8	5.1	26.73	18.2	0.6	24.87	57.2	15.9	30.75	25.06
660792	SENSORS_VALUES	0	1	0	29.85	20.7	5.0	26.73	18.2	0.6	24.86	57.2	15.9	30.69	25.06
670792	SENSORS_VALUES	0	1	0	29.79	20.7	5.0	26.72	18.1	0.6	24.86	57.2	15.9	30.63	25.13
680780	LOG_INFO	len=10, append(0.4836121)
680782	LOG_INFO	reduction_dew_C=0.9
680796	SENSORS_VALUES	0	1	0	29.74	20.7	4.9	26.69	18.0	0.5	24.87	57.2	15.9	30.50	25.06
690792	SENSORS_VALUES	0	1	0	29.68	20.7	4.9	26.72	17.9	0.4	24.87	57.3	15.9	30.44	25.06
700791	SENSORS_VALUES	0	1	0	29.64	20.7	4.8	26.70	17.9	0.4	24.87	57.3	15.9	30.38	25.13
710791	SENSORS_VALUES	0	1	0	29.55	20.7	4.8	26.70	17.8	0.3	24.89	57.3	15.9	30.31	25.13
720792	SENSORS_VALUES	0	1	0	29.51	20.6	4.7	26.69	17.7	0.2	24.87	57.2	15.9	30.25	25.13
730792	SENSORS_VALUES	0	1	0	29.44	20.7	4.6	26.69	17.7	0.2	24.87	57.2	15.9	30.19	25.13
740779	LOG_INFO	len=10, append(0.1250305)
740782	LOG_INFO	reduction_dew_C=0.5
740796	SENSORS_VALUES	0	1	0	29.37	20.6	4.5	26.67	17.6	0.1	24.87	57.3	15.9	30.13	25.06
750792	SENSORS_VALUES	0	1	0	29.30	20.6	4.5	26.69	17.6	0.1	24.87	57.3	15.9	30.06	25.06
760791	SENSORS_VALUES	0	1	0	29.27	20.7	4.5	26.67	17.6	0.1	24.83	57.2	15.8	30.06	25.06
770792	SENSORS_VALUES	0	1	0	29.23	20.6	4.4	26.67	17.5	0.0	24.87	57.3	15.9	30.00	25.06
780791	SENSORS_VALUES	0	1	0	29.14	20.6	4.4	26.66	17.4	-0.1	24.83	57.5	15.9	29.94	25.06
790791	SENSORS_VALUES	0	1	0	29.10	20.6	4.3	26.63	17.3	-0.1	24.86	57.5	15.9	29.88	25.13
800779	LOG_INFO	len=10, append(-0.1547546)
800782	LOG_INFO	reduction_dew_C=0.2
800785	SM_STATE	'dryfan' -> 'regenerate' reduction_dew_C 0.2C > SM_DRYFAN_DEW_SET_C -100.0C
800804	SENSORS_VALUES	0	1	0	29.06	20.6	4.3	26.66	17.3	-0.2	24.85	57.4	15.9	29.81	25.13
810792	SENSORS_VALUES	78	0	0	29.03	20.1	3.9	26.66	17.3	-0.2	24.86	57.4	15.9	32.31	25.13
820792	SENSORS_VALUES	78	0	0	29.02	19.9	3.8	26.69	17.2	-0.2	24.87	57.5	15.9	37.06	25.06
830793	SENSORS_VALUES	78	0	0	29.02	19.9	3.7	26.69	17.2	-0.2	24.86	57.5	15.9	41.44	25.13
840791	SENSORS_VALUES	78	0	0	28.96	19.8	3.7	26.70	17.2	-0.2	24.87	57.5	15.9	45.19	25.13
850791	SENSORS_VALUES	78	0	0	28.95	19.9	3.7	26.74	17.2	-0.1	24.89	57.4	15.9	48.50	25.06
860791	SENSORS_VALUES	78	0	0	28.92	19.9	3.7	26.74	17.3	-0.1	24.86	57.4	15.9	51.44	25.13
870792	SENSORS_VALUES	78	0	0	28.95	20.0	3.8	26.76	17.3	-0.0	24.87	57.4	15.9	54.19	25.13
880792	SENSORS_VALUES	78	0	0	28.93	20.2	3.9	26.80	17.3	-0.0	24.86	57.4	15.9	56.69	25.06
890792	SENSORS_VALUES	78	0	0	28.97	20.4	4.0	26.82	17.4	0.1	24.87	57.4	15.9	59.00	25.06
900792	SENSORS_VALUES	78	0	0	29.00	20.6	4.2	26.83	17.4	0.1	24.90	57.5	16.0	61.06	25.06
910791	SENSORS_VALUES	78	0	0	29.05	20.9	4.5	26.83	17.4	0.1	24.87	57.3	15.9	63.06	25.06
920791	SENSORS_VALUES	78	0	0	29.10	21.3	4.8	26.83	17.4	0.1	24.86	57.3	15.9	64.88	25.06
930792	SENSORS_VALUES	78	0	0	29.18	21.6	5.1	26.89	17.5	0.3	24.89	57.4	15.9	66.63	25.06
940791	SENSORS_VALUES	78	0	0	29.23	22.0	5.4	26.89	17.5	0.3	24.90	57.4	15.9	68.19	25.06
950793	SENSORS_VALUES	78	0	0	29.37	22.5	5.8	26.91	17.6	0.3	24.89	57.4	15.9	69.69	25.13
960792	SENSORS_VALUES	78	0	0	29.48	22.9	6.2	26.91	17.7	0.4	24.89	57.3	15.9	71.13	25.13
970792	SENSORS_VALUES	78	0	0	29.61	23.5	6.6	26.97	17.7	0.5	24.87	57.3	15.9	72.38	25.06
980792	SENSORS_VALUES	78	0	0	29.72	23.9	7.0	26.98	17.8	0.5	24.89	57.4	15.9	73.50	25.13
990792	SENSORS_VALUES	78	0	0	29.89	24.4	7.4	27.01	17.8	0.6	24.87	57.4	15.9	74.50	25.13
1000792	SENSORS_VALUES	78	0	0	30.05	25.0	7.9	27.06	17.9	0.7	24.89	57.4	15.9	75.31	25.06
1010792	SENSORS_VALUES	78	0	0	30.22	25.5	8.3	27.07	17.9	0.7	24.89	57.4	15.9	76.13	25.13
1020792	SENSORS_VALUES	78	0	0	30.42	26.0	8.8	27.14	18.0	0.8	24.87	57.4	15.9	77.00	25.06
1030792	SENSORS_VALUES	78	0	0	30.60	26.6	9.3	27.15	18.1	0.9	24.89	57.4	15.9	77.75	25.06
1040792	SENSORS_VALUES	78	0	0	30.78	27.1	9.7	27.18	18.2	1.0	24.87	57.3	15.9	78.38	25.06
1050791	SENSORS_VALUES	78	0	0	30.99	27.7	10.2	27.20	18.3	1.1	24.91	57.4	16.0	79.06	25.06
1060793	SENSORS_VALUES	78	0	0	31.21	28.3	10.7	27.24	18.4	1.2	24.90	57.4	15.9	79.69	25.06
1070791	SENSORS_VALUES	78	0	0	31.41	28.8	11.2	27.27	18.4	1.2	24.87	57.4	15.9	80.31	25.06
1080791	SENSORS_VALUES	78	0	0	31.63	29.3	11.6	27.33	18.5	1.4	24.90	57.4	16.0	80.81	25.06
1090801	SENSORS_VALUES	78	0	0	31.89	29.9	12.1	27.38	18.6	1.5	24.90	57.4	16.0	81.31	25.06
1100791	SENSORS_VALUES	78	0	0	32.06	30.4	12.5	27.40	18.7	1.5	24.89	57.4	15.9	81.81	25.06
1110792	SENSORS_VALUES	78	0	0	32.31	30.8	13.0	27.44	18.8	1.7	24.91	57.5	16.0	82.25	25.06
1120792	SENSORS_VALUES	78	0	0	32.58	31.4	13.5	27.47	18.8	1.7	24.90	57.5	16.0	82.75	25.06
1130791	SENSORS_VALUES	78	0	0	32.79	31.8	13.9	27.52	18.9	1.8	24.91	57.5	16.0	83.25	25.06
1140791	SENSORS_VALUES	78	0	0	33.02	32.3	14.3	27.55	19.0	1.9	24.91	57.4	16.0	83.69	25.06
1150791	SENSORS_VALUES	78	0	0	33.29	32.8	14.8	27.59	19.0	2.0	24.93	57.4	16.0	84.13	25.06
1160793	SENSORS_VALUES	78	0	0	33.53	33.3	15.2	27.62	19.1	2.0	24.94	57.5	16.0	84.56	25.06
1170792	SENSORS_VALUES	78	0	0	33.74	33.7	15.6	27.69	19.1	2.1	24.93	57.5	16.0	84.88	25.06
1180791	SENSORS_VALUES	78	0	0	34.00	34.2	16.0	27.71	19.3	2.2	24.94	57.5	16.0	85.25	25.13
1190792	SENSORS_VALUES	78	0	0	34.24	34.6	16.4	27.75	19.4	2.3	24.96	57.5	16.0	85.63	25.06
1200792	SENSORS_VALUES	78	0	0	34.49	35.0	16.8	27.77	19.4	2.4	24.91	57.6	16.0	86.06	25.06
1210791	SENSORS_VALUES	78	0	0	34.72	35.3	17.2	27.87	19.5	2.5	24.93	57.6	16.0	86.44	25.06
1220791	SENSORS_VALUES	78	0	0	34.96	35.7	17.6	27.87	19.6	2.6	24.90	57.6	16.0	86.81	25.06
1230792	SENSORS_VALUES	78	0	0	35.18	36.1	17.9	27.91	19.7	2.7	24.89	57.8	16.1	87.19	25.13
1240792	SENSORS_VALUES	78	0	0	35.45	36.4	18.3	27.95	19.7	2.8	24.90	57.8	16.1	87.56	25.06
1250792	SENSORS_VALUES	78	0	0	35.70	36.8	18.7	27.98	19.8	2.8	24.89	57.8	16.0	87.88	25.06
1260792	SENSORS_VALUES	78	0	0	35.92	37.2	19.0	28.02	19.9	2.9	24.89	57.8	16.1	88.13	25.06
1270792	SENSORS_VALUES	78	0	0	36.18	37.5	19.4	28.05	20.0	3.0	24.87	57.9	16.0	88.31	25.13
1280792	SENSORS_VALUES	78	0	0	36.40	37.8	19.7	28.10	20.1	3.1	24.87	57.8	16.0	88.38	25.13
1290791	SENSORS_VALUES	78	0	0	36.65	38.1	20.1	28.12	20.2	3.2	24.86	57.8	16.0	88.50	25.13
1300791	SENSORS_VALUES	78	0	0	36.89	38.5	20.5	28.18	20.3	3.3	24.87	57.9	16.1	88.69	25.13
1310791	SENSORS_VALUES	78	0	0	37.10	38.8	20.8	28.20	20.4	3.4	24.91	57.9	16.1	88.81	25.13
1320792	SENSORS_VALUES	78	0	0	37.32	39.1	21.1	28.24	20.4	3.5	24.89	57.8	16.0	89.00	25.13
1330792	SENSORS_VALUES	78	0	0	37.55	39.4	21.4	28.27	20.5	3.6	24.90	57.8	16.0	89.13	25.13
1340791	SENSORS_VALUES	78	0	0	37.78	39.7	21.7	28.29	20.6	3.7	24.91	57.8	16.1	89.31	25.13
1350793	SENSORS_VALUES	78	0	0	38.00	39.9	22.1	28.35	20.8	3.8	24.93	57.7	16.0	89.50	25.19
1360792	SENSORS_VALUES	78	0	0	38.23	40.2	22.4	28.38	20.9	3.9	24.94	57.6	16.1	89.63	25.13
1370792	SENSORS_VALUES	78	0	0	38.43	40.4	22.6	28.40	21.0	4.0	24.93	57.6	16.0	89.81	25.19
1380791	SENSORS_VALUES	78	0	0	38.64	40.6	22.9	28.43	21.0	4.0	24.94	57.6	16.0	90.00	25.13
1390791	SENSORS_VALUES	78	0	0	38.87	40.9	23.2	28.50	21.1	4.2	24.97	57.6	16.1	90.13	25.13
1400791	SENSORS_VALUES	78	0	0	39.06	41.1	23.5	28.50	21.3	4.3	24.94	57.6	16.0	90.31	25.13
1410792	SENSORS_VALUES	78	0	0	39.28	41.3	23.7	28.53	21.3	4.3	24.97	57.6	16.1	90.56	25.13
1420792	SENSORS_VALUES	78	0	0	39.48	41.5	24.0	28.57	21.4	4.4	24.96	57.6	16.1	90.75	25.13
1430792	SENSORS_VALUES	78	0	0	39.66	41.7	24.3	28.60	21.6	4.5	24.99	57.7	16.1	91.00	25.13
1440792	SENSORS_VALUES	78	0	0	39.87	41.9	24.5	28.63	21.7	4.6	24.96	57.8	16.1	91.19	25.19
1450792	SENSORS_VALUES	78	0	0	40.07	42.1	24.8	28.66	21.8	4.7	24.99	57.8	16.1	91.44	25.19
1460792	SENSORS_VALUES	78	0	0	40.25	42.2	25.0	28.70	21.9	4.8	24.97	57.8	16.1	91.50	25.19
1470792	SENSORS_VALUES	78	0	0	40.48	42.3	25.2	28.70	22.0	4.9	25.03	57.8	16.2	91.63	25.19
1480791	SENSORS_VALUES	78	0	0	40.61	42.5	25.4	28.75	22.1	5.0	25.05	57.7	16.2	91.75	25.19
1490791	SENSORS_VALUES	78	0	0	40.84	42.7	25.7	28.78	22.2	5.1	25.00	57.6	16.1	91.81	25.19
1500791	SENSORS_VALUES	78	0	0	41.01	42.8	25.9	28.81	22.3	5.2	25.00	57.6	16.1	91.94	25.19
1510791	SENSORS_VALUES	78	0	0	41.17	43.0	26.1	28.84	22.4	5.3	25.06	57.7	16.2	92.06	25.19
1520793	SENSORS_VALUES	78	0	0	41.35	43.1	26.3	28.86	22.6	5.4	25.06	57.7	16.2	92.19	25.19
1530792	SENSORS_VALUES	78	0	1	41.61	43.2	26.6	28.90	22.8	5.6	25.07	57.6	16.2	92.25	25.25
1540792	SENSORS_VALUES	78	0	1	41.90	41.5	26.2	28.90	24.2	6.4	25.05	57.5	16.1	92.19	25.19
1550792	SENSORS_VALUES	78	0	1	42.17	39.9	25.7	28.91	25.5	7.2	25.07	57.6	16.2	92.13	25.25
1560792	SENSORS_VALUES	78	0	0	42.37	42.5	27.0	28.95	25.7	7.4	25.06	57.6	16.2	92.06	25.25
1570791	SENSORS_VALUES	78	0	1	42.63	39.6	26.0	28.95	25.3	7.1	25.06	57.6	16.2	92.06	25.25
1580791	SENSORS_VALUES	78	0	0	42.80	42.2	27.2	28.98	26.2	7.7	25.07	57.6	16.2	92.06	25.25
1590792	SENSORS_VALUES	78	0	1	43.03	39.0	26.1	29.00	26.1	7.6	25.07	57.6	16.2	92.06	25.25
1600792	SENSORS_VALUES	78	0	0	43.17	41.8	27.4	29.04	27.0	8.2	25.07	57.5	16.1	92.13	25.25
1610792	SENSORS_VALUES	78	0	1	43.40	38.5	26.2	29.07	26.8	8.1	25.07	57.6	16.2	92.19	25.25
1620793	SENSORS_VALUES	78	0	1	43.64	37.0	25.7	29.07	28.5	9.0	25.07	57.6	16.2	92.19	25.31
1630791	SENSORS_VALUES	78	0	0	43.75	40.7	27.5	29.08	28.7	9.1	25.09	57.6	16.2	92.19	25.25
1640791	SENSORS_VALUES	78	0	1	43.94	37.1	26.0	29.11	28.1	8.8	25.09	57.6	16.2	92.19	25.25
1650792	SENSORS_VALUES	78	0	0	44.07	40.5	27.7	29.13	29.1	9.4	25.09	57.6	16.2	92.13	25.25
1660792	SENSORS_VALUES	78	0	1	44.23	36.7	26.1	29.13	28.9	9.2	25.13	57.5	16.2	92.13	25.31
1670792	SENSORS_VALUES	78	0	0	44.39	40.1	27.8	29.18	29.7	9.7	25.09	57.4	16.1	91.94	25.31
1680792	SENSORS_VALUES	78	0	1	44.50	36.4	26.2	29.17	29.4	9.6	25.11	57.4	16.2	91.69	25.31
1690791	SENSORS_VALUES	78	0	1	44.70	35.1	25.8	29.20	31.1	10.4	25.11	57.5	16.2	91.56	25.31
1700792	SENSORS_VALUES	78	0	0	44.81	39.3	27.8	29.21	31.2	10.5	25.09	57.4	16.1	91.63	25.31
1710792	SENSORS_VALUES	78	0	1	44.96	35.3	26.1	29.24	30.6	10.2	25.10	57.4	16.1	91.69	25.31
1720791	SENSORS_VALUES	78	0	0	45.07	39.0	27.9	29.25	31.5	10.6	25.13	57.4	16.2	91.81	25.31
1730791	SENSORS_VALUES	78	0	1	45.20	35.1	26.2	29.25	31.2	10.5	25.11	57.4	16.1	91.88	25.31
1740792	SENSORS_VALUES	78	0	1	45.35	33.9	25.8	29.26	32.6	11.2	25.13	57.4	16.2	91.63	25.31
1750793	SENSORS_VALUES	78	0	0	45.45	38.3	27.9	29.28	32.8	11.3	25.16	57.4	16.2	91.56	25.31
1760792	SENSORS_VALUES	78	0	1	45.59	34.3	26.1	29.29	32.2	11.0	25.13	57.3	16.1	91.69	25.31
1770802	SENSORS_VALUES	78	0	1	45.74	33.2	25.8	29.31	33.5	11.6	25.16	57.4	16.2	91.75	25.38
1780792	SENSORS_VALUES	78	0	0	45.80	37.7	28.0	29.32	33.6	11.7	25.14	57.5	16.2	91.69	25.31
1790791	SENSORS_VALUES	78	0	1	45.95	33.6	26.1	29.31	33.2	11.5	25.17	57.4	16.2	91.56	25.38
1800791	SENSORS_VALUES	78	0	0	46.03	37.5	28.1	29.34	34.0	11.9	25.20	57.4	16.2	91.44	25.38
1810792	SENSORS_VALUES	78	0	1	46.15	33.6	26.3	29.36	33.6	11.7	25.19	57.4	16.2	91.56	25.38
1820792	SENSORS_VALUES	78	0	1	46.27	32.5	25.9	29.38	34.7	12.2	25.20	57.4	16.2	91.63	25.38
1830792	SENSORS_VALUES	78	0	0	46.33	37.0	28.1	29.39	34.8	12.3	25.21	57.4	16.3	91.69	25.44
1840792	SENSORS_VALUES	78	0	1	46.43	32.9	26.2	29.39	34.5	12.2	25.23	57.4	16.3	91.63	25.38
1850791	SENSORS_VALUES	78	0	0	46.51	36.9	28.2	29.42	35.1	12.4	25.20	57.5	16.3	91.63	25.44
1860791	SENSORS_VALUES	78	0	1	46.61	32.8	26.3	29.39	34.9	12.3	25.21	57.4	16.3	91.63	25.44
1870791	SENSORS_VALUES	78	0	1	46.71	31.9	25.9	29.42	35.8	12.7	25.26	57.4	16.3	91.56	25.44
1880791	SENSORS_VALUES	78	0	0	46.80	36.3	28.2	29.45	35.8	12.8	25.24	57.4	16.3	91.44	25.38
1890791	SENSORS_VALUES	78	0	1	46.87	32.3	26.3	29.45	35.6	12.7	25.26	57.4	16.3	91.56	25.44
1900792	SENSORS_VALUES	78	0	0	46.94	36.3	28.3	29.46	36.2	12.9	25.26	57.3	16.3	91.81	25.44
1910792	SENSORS_VALUES	78	0	1	47.02	32.3	26.4	29.49	35.9	12.8	25.26	57.4	16.3	92.06	25.44
1920793	SENSORS_VALUES	78	0	1	47.11	31.5	26.0	29.49	36.8	13.2	25.26	57.4	16.3	92.13	25.44
1930792	SENSORS_VALUES	78	0	0	47.17	35.8	28.3	29.51	36.9	13.3	25.26	57.4	16.3	92.19	25.44
1940792	SENSORS_VALUES	78	0	1	47.27	31.8	26.3	29.51	36.5	13.1	25.27	57.4	16.3	92.38	25.44
1950792	SENSORS_VALUES	78	0	1	47.39	31.1	26.0	29.52	37.4	13.5	25.27	57.4	16.3	92.38	25.44
1960792	SENSORS_VALUES	78	0	0	47.44	35.4	28.3	29.52	37.5	13.5	25.29	57.5	16.3	92.44	25.50
1970792	SENSORS_VALUES	78	0	1	47.53	31.4	26.4	29.55	37.2	13.4	25.29	57.5	16.3	92.56	25.44
1980792	SENSORS_VALUES	78	0	1	47.60	30.7	26.0	29.54	38.0	13.8	25.27	57.3	16.3	92.56	25.50
1990792	SENSORS_VALUES	78	0	0	47.65	35.1	28.3	29.56	38.0	13.8	25.29	57.4	16.3	92.63	25.50
2000791	SENSORS_VALUES	78	0	1	47.78	31.1	26.4	29.59	37.7	13.7	25.29	57.4	16.3	92.75	25.56
2010792	SENSORS_VALUES	78	0	1	47.85	30.4	26.1	29.59	38.5	14.0	25.29	57.4	16.3	92.69	25.44
2020791	SENSORS_VALUES	78	0	0	47.87	34.8	28.4	29.59	38.6	14.0	25.29	57.4	16.3	92.63	25.50
2030792	SENSORS_VALUES	78	0	1	47.97	30.8	26.4	29.62	38.3	13.9	25.34	57.3	16.3	92.75	25.50
2040792	SENSORS_VALUES	78	0	1	48.06	30.2	26.1	29.62	39.0	14.2	25.31	57.2	16.3	92.81	25.56
2050792	SENSORS_VALUES	78	0	0	48.10	34.5	28.4	29.64	39.1	14.3	25.31	57.2	16.3	92.94	25.56
2060792	SENSORS_VALUES	78	0	1	48.16	30.6	26.4	29.62	38.7	14.1	25.31	57.2	16.3	93.06	25.56
2070792	SENSORS_VALUES	78	0	1	48.26	30.0	26.2	29.65	39.4	14.4	25.31	57.2	16.3	93.13	25.50
2080792	SENSORS_VALUES	78	0	0	48.30	34.2	28.5	29.65	39.6	14.5	25.33	57.2	16.3	93.19	25.50
2090791	SENSORS_VALUES	78	0	1	48.37	30.4	26.5	29.66	39.2	14.3	25.36	57.3	16.4	93.31	25.50
2100792	SENSORS_VALUES	78	0	1	48.47	29.8	26.2	29.69	39.9	14.6	25.36	57.5	16.4	93.31	25.50
2110792	SENSORS_VALUES	78	0	0	48.49	34.0	28.5	29.69	40.0	14.7	25.36	57.5	16.4	93.38	25.56
2120792	SENSORS_VALUES	78	0	1	48.58	30.2	26.6	29.69	39.6	14.5	25.37	57.4	16.4	93.50	25.56
2130792	SENSORS_VALUES	78	0	1	48.67	29.6	26.3	29.71	40.2	14.8	25.34	57.5	16.4	93.56	25.56
2140792	SENSORS_VALUES	78	0	0	48.70	33.8	28.6	29.72	40.3	14.8	25.37	57.5	16.4	93.63	25.56
2150792	SENSORS_VALUES	78	0	1	48.75	30.0	26.6	29.72	39.9	14.7	25.36	57.5	16.4	93.69	25.56
2160792	SENSORS_VALUES	78	0	1	48.82	29.5	26.4	29.73	40.5	14.9	25.37	57.5	16.4	93.69	25.56
2170792	SENSORS_VALUES	78	0	0	48.88	33.6	28.6	29.75	40.6	15.0	25.40	57.5	16.4	93.75	25.56
2180791	SENSORS_VALUES	78	0	1	48.97	29.8	26.7	29.75	40.3	14.9	25.38	57.5	16.4	93.88	25.56
2190791	SENSORS_VALUES	78	0	1	49.01	29.3	26.4	29.77	40.9	15.1	25.38	57.6	16.4	93.88	25.63
2200793	SENSORS_VALUES	78	0	0	49.04	33.4	28.7	29.77	41.0	15.1	25.40	57.6	16.5	93.94	25.63
2210791	SENSORS_VALUES	78	0	1	49.11	29.7	26.7	29.77	40.7	15.0	25.40	57.6	16.5	94.00	25.63
2220791	SENSORS_VALUES	78	0	1	49.19	29.1	26.5	29.79	41.2	15.2	25.40	57.6	16.5	94.00	25.63
2230792	SENSORS_VALUES	78	0	0	49.18	33.1	28.7	29.80	41.3	15.3	25.38	57.6	16.5	94.06	25.56
2240791	SENSORS_VALUES	78	0	1	49.29	29.5	26.8	29.80	41.0	15.2	25.41	57.4	16.4	94.13	25.63
2250791	SENSORS_VALUES	78	0	1	49.33	28.9	26.5	29.83	41.5	15.4	25.40	57.3	16.4	94.13	25.63
2260793	SENSORS_VALUES	78	0	1	49.46	28.7	26.4	29.82	41.8	15.5	25.40	57.4	16.4	94.13	25.63
2270792	SENSORS_VALUES	78	0	1	49.50	28.4	26.3	29.85	42.1	15.6	25.37	57.4	16.4	94.13	25.63
2280792	SENSORS_VALUES	78	0	0	49.55	32.6	28.7	29.83	42.0	15.6	25.41	57.7	16.5	94.19	25.63
2290792	SENSORS_VALUES	78	0	1	49.62	28.9	26.7	29.83	41.6	15.4	25.40	57.7	16.5	94.31	25.69
2300792	SENSORS_VALUES	78	0	1	49.69	28.4	26.5	29.85	42.1	15.6	25.41	57.6	16.5	94.31	25.69
2310792	SENSORS_VALUES	78	0	1	49.75	28.3	26.4	29.85	42.5	15.8	25.42	57.7	16.5	94.31	25.69
2320792	SENSORS_VALUES	78	0	0	49.77	32.2	28.7	29.85	42.4	15.7	25.42	57.7	16.5	94.31	25.69
2330792	SENSORS_VALUES	78	0	1	49.83	28.7	26.8	29.85	42.0	15.6	25.41	57.6	16.5	94.38	25.69
2340792	SENSORS_VALUES	78	0	1	49.91	28.2	26.6	29.86	42.5	15.8	25.41	57.6	16.5	94.44	25.69
2350792	SENSORS_VALUES	78	0	1	49.96	28.0	26.4	29.87	42.8	15.9	25.40	57.8	16.5	94.44	25.69
2360791	SENSORS_VALUES	78	0	0	49.98	31.9	28.7	29.92	42.8	15.9	25.40	57.8	16.5	94.50	25.69
2370791	SENSORS_VALUES	78	0	1	50.06	28.4	26.8	29.90	42.4	15.8	25.40	57.7	16.5	94.63	25.69
2380791	SENSORS_VALUES	78	0	1	50.13	28.0	26.6	29.89	42.8	15.9	25.41	57.7	16.5	94.63	25.69
2390791	SENSORS_VALUES	78	0	1	50.17	27.8	26.5	29.92	43.2	16.1	25.41	57.7	16.5	94.63	25.75
2400791	SENSORS_VALUES	78	0	1	50.23	27.7	26.5	29.90	43.3	16.1	25.37	57.6	16.5	94.56	25.69
2410791	SENSORS_VALUES	78	0	1	50.35	27.6	26.5	29.92	43.5	16.2	25.38	57.6	16.5	94.56	25.69
2420791	SENSORS_VALUES	78	0	1	50.40	27.5	26.5	29.93	43.6	16.2	25.40	57.6	16.5	94.56	25.75
2430793	SENSORS_VALUES	78	0	1	50.45	27.3	26.5	29.93	43.7	16.3	25.40	57.6	16.5	94.56	25.69
2440792	SENSORS_VALUES	78	0	1	50.53	27.2	26.5	29.93	43.8	16.3	25.41	57.6	16.5	94.56	25.75
2450801	SENSORS_VALUES	78	0	0	50.53	31.0	28.7	29.93	43.7	16.3	25.40	57.5	16.5	94.63	25.69
2460792	SENSORS_VALUES	78	0	1	50.58	27.7	26.8	29.96	43.3	16.2	25.41	57.5	16.5	94.75	25.75
2470791	SENSORS_VALUES	78	0	1	50.62	27.3	26.6	29.96	43.6	16.3	25.41	57.5	16.5	94.75	25.81
2480792	SENSORS_VALUES	78	0	1	50.68	27.2	26.6	29.95	43.9	16.4	25.41	57.5	16.5	94.75	25.69
2490791	SENSORS_VALUES	78	0	1	50.72	27.1	26.5	29.93	44.0	16.4	25.41	57.5	16.4	94.75	25.75
2500791	SENSORS_VALUES	78	0	1	50.82	26.9	26.5	29.95	44.1	16.4	25.41	57.5	16.4	94.75	25.75
2510792	SENSORS_VALUES	78	0	1	50.86	26.8	26.5	29.95	44.1	16.4	25.38	57.5	16.4	94.75	25.75
2520792	SENSORS_VALUES	78	0	1	50.89	26.8	26.5	29.96	44.2	16.5	25.38	57.5	16.4	94.75	25.75
2530793	SENSORS_VALUES	78	0	1	50.96	26.7	26.5	29.95	44.3	16.5	25.38	57.6	16.4	94.75	25.81
2540792	SENSORS_VALUES	78	0	1	51.04	26.6	26.5	29.97	44.3	16.5	25.40	57.5	16.5	94.75	25.75
2550791	SENSORS_VALUES	78	0	1	51.11	26.6	26.5	29.99	44.3	16.6	25.41	57.5	16.4	94.75	25.75
2560791	SENSORS_VALUES	78	0	1	51.15	26.5	26.5	29.97	44.4	16.6	25.42	57.5	16.5	94.81	25.81
2570791	SENSORS_VALUES	78	0	1	51.21	26.4	26.5	29.97	44.5	16.6	25.42	57.5	16.5	94.81	25.81
2580791	SENSORS_VALUES	78	0	1	51.29	26.4	26.5	29.97	44.5	16.6	25.44	57.5	16.5	94.75	25.81
2590791	SENSORS_VALUES	78	0	1	51.29	26.3	26.5	29.99	44.5	16.6	25.44	57.4	16.5	94.81	25.81
2600791	SENSORS_VALUES	78	0	1	51.35	26.2	26.5	30.00	44.6	16.7	25.45	57.3	16.4	94.81	25.81
2610791	SENSORS_VALUES	78	0	1	51.39	26.2	26.5	29.99	44.6	16.7	25.44	57.3	16.4	94.81	25.81
2620791	SENSORS_VALUES	78	0	1	51.46	26.2	26.6	29.99	44.6	16.7	25.45	57.3	16.4	94.81	25.81
2630791	SENSORS_VALUES	78	0	1	51.49	26.0	26.5	29.99	44.7	16.7	25.45	57.3	16.4	94.81	25.75
2640791	SENSORS_VALUES	78	0	1	51.52	26.0	26.5	29.99	44.7	16.7	25.45	57.4	16.5	94.88	25.75
2650792	SENSORS_VALUES	78	0	1	51.56	26.0	26.5	29.99	44.7	16.7	25.44	57.4	16.5	94.88	25.81
2660793	SENSORS_VALUES	78	0	1	51.60	25.9	26.5	30.00	44.8	16.7	25.48	57.4	16.5	94.88	25.75
2670791	SENSORS_VALUES	78	0	1	51.66	25.9	26.5	30.00	44.8	16.7	25.48	57.4	16.5	94.88	25.81
2680792	SENSORS_VALUES	78	0	1	51.70	25.8	26.5	30.00	44.8	16.8	25.48	57.3	16.5	94.88	25.81
2690792	SENSORS_VALUES	78	0	1	51.73	25.8	26.5	30.02	44.8	16.7	25.48	57.3	16.5	94.88	25.81
2700791	SENSORS_VALUES	78	0	1	51.76	25.8	26.5	30.00	44.9	16.8	25.50	57.3	16.5	94.94	25.81
2710792	SENSORS_VALUES	78	0	1	51.81	25.7	26.5	30.03	44.8	16.8	25.48	57.3	16.5	94.94	25.81
2720792	SENSORS_VALUES	78	0	1	51.81	25.6	26.5	30.05	44.9	16.8	25.48	57.4	16.5	94.88	25.81
2730792	SENSORS_VALUES	78	0	0	51.83	28.7	28.4	30.03	44.8	16.8	25.50	57.4	16.5	94.94	25.81
2740792	SENSORS_VALUES	78	0	1	51.83	26.0	26.8	30.06	44.5	16.7	25.51	57.3	16.5	95.13	25.81
2750792	SENSORS_VALUES	78	0	1	51.87	25.9	26.7	30.03	44.7	16.7	25.52	57.2	16.5	95.19	25.81
2760792	SENSORS_VALUES	78	0	1	51.88	25.7	26.6	30.06	44.8	16.8	25.51	57.2	16.5	95.19	25.81
2770791	SENSORS_VALUES	78	0	1	51.91	25.6	26.6	30.06	44.9	16.8	25.54	57.2	16.5	95.19	25.88
2780791	SENSORS_VALUES	78	0	1	51.97	25.6	26.6	30.05	44.9	16.8	25.52	57.2	16.5	95.25	25.88
2790791	SENSORS_VALUES	78	0	1	52.00	25.5	26.6	30.06	44.9	16.8	25.55	57.2	16.5	95.25	25.88
2800791	SENSORS_VALUES	78	0	1	52.06	25.5	26.6	30.06	44.9	16.8	25.55	57.2	16.5	95.25	25.81
2810792	SENSORS_VALUES	78	0	1	52.10	25.4	26.6	30.07	44.9	16.8	25.54	57.3	16.5	95.25	25.81
2820792	SENSORS_VALUES	78	0	1	52.13	25.4	26.6	30.07	45.0	16.9	25.54	57.3	16.5	95.25	25.81
2830791	SENSORS_VALUES	78	0	1	52.14	25.4	26.6	30.07	45.0	16.9	25.54	57.3	16.5	95.31	25.88
2840791	SENSORS_VALUES	78	0	1	52.20	25.3	26.6	30.09	45.0	16.9	25.52	57.4	16.5	95.31	25.88
2850791	SENSORS_VALUES	78	0	1	52.24	25.3	26.6	30.09	44.9	16.9	25.52	57.5	16.5	95.31	25.88
2860791	SENSORS_VALUES	78	0	1	52.24	25.2	26.6	30.10	45.0	16.9	25.48	57.3	16.5	95.38	25.88
2870792	SENSORS_VALUES	78	0	1	52.30	25.2	26.6	30.07	45.0	16.9	25.50	57.5	16.5	95.38	25.88
2880791	SENSORS_VALUES	78	0	1	52.34	25.1	26.6	30.09	45.0	16.9	25.41	58.0	16.6	95.38	25.81
2890791	SENSORS_VALUES	78	0	0	52.32	27.9	28.4	30.10	45.0	16.9	25.44	59.5	17.0	95.44	25.88
2900793	SENSORS_VALUES	78	0	1	52.34	25.5	26.8	30.09	44.7	16.8	25.50	59.0	17.0	95.56	25.88
2900794	LOG_INFO	Stopping
