83	SENSORS_HEADER	heater_heater	silicagel_Fan	ambient_Fan	silicagel_C	silicagel_rH	silicagel_dew	board_C	board_rH	board_dew	ext_C	ext_rH	ext_dew	heater_C	aux_C
88	SM_STATE	'none' -> 'regenerate' Statemachine initialization
887	SENSORS_VALUES	78	0	0	42.39	39.2	25.6	29.83	19.2	3.9	26.12	54.0	16.1	68.56	26.31
10791	SENSORS_VALUES	78	0	0	42.50	38.8	25.6	29.87	19.3	4.0	26.11	54.0	16.1	69.50	26.31
20792	SENSORS_VALUES	78	0	0	42.62	38.4	25.5	29.86	19.3	4.0	26.12	54.0	16.1	72.13	26.38
30792	SENSORS_VALUES	78	0	0	42.67	38.0	25.4	29.89	19.4	4.1	26.12	53.9	16.1	74.69	26.38
40791	SENSORS_VALUES	78	0	0	42.71	37.7	25.2	29.89	19.5	4.1	26.14	53.9	16.1	76.94	26.38
50793	SENSORS_VALUES	78	0	0	42.77	37.3	25.1	29.90	19.6	4.2	26.15	54.0	16.2	78.94	26.44
60792	SENSORS_VALUES	78	0	0	42.84	37.1	25.1	29.92	19.6	4.3	26.15	53.9	16.1	80.69	26.38
70793	SENSORS_VALUES	78	0	0	42.87	36.9	25.0	29.95	19.7	4.3	26.14	53.9	16.1	82.25	26.44
80792	SENSORS_VALUES	78	0	0	42.92	36.7	25.0	29.92	19.8	4.4	26.15	53.8	16.1	83.25	26.44
90791	SENSORS_VALUES	78	0	0	42.94	36.7	25.0	29.97	19.9	4.5	26.16	53.9	16.1	83.75	26.44
100792	SENSORS_VALUES	78	0	0	43.01	36.6	25.0	29.97	19.9	4.6	26.15	53.9	16.1	84.38	26.38
110793	SENSORS_VALUES	78	0	0	43.04	36.6	25.1	29.97	20.0	4.6	26.18	53.7	16.1	85.25	26.44
120793	SENSORS_VALUES	78	0	0	43.08	36.7	25.1	30.02	20.1	4.7	26.18	53.7	16.1	86.13	26.44
130792	SENSORS_VALUES	78	0	0	43.14	36.8	25.2	29.99	20.2	4.8	26.19	53.7	16.1	86.81	26.44
140791	SENSORS_VALUES	78	0	0	43.22	36.9	25.4	30.00	20.3	4.8	26.24	53.6	16.1	87.31	26.44
150791	SENSORS_VALUES	78	0	0	43.25	37.0	25.4	30.03	20.4	5.0	26.25	53.6	16.1	87.81	26.44
160792	SENSORS_VALUES	78	0	0	43.34	37.2	25.6	30.02	20.5	5.0	26.25	53.6	16.1	88.25	26.44
170791	SENSORS_VALUES	78	0	0	43.40	37.3	25.7	30.06	20.6	5.1	26.26	53.5	16.1	88.63	26.44
180791	SENSORS_VALUES	78	0	0	43.45	37.5	25.8	30.07	20.7	5.2	26.28	53.6	16.1	89.00	26.50
190791	SENSORS_VALUES	78	0	0	43.57	37.7	26.0	30.05	20.8	5.2	26.26	53.6	16.1	89.38	26.44
200792	SENSORS_VALUES	78	0	0	43.62	37.9	26.1	30.06	20.9	5.3	26.25	53.6	16.1	89.75	26.50
210793	SENSORS_VALUES	78	0	1	43.76	37.6	26.1	30.07	21.2	5.5	26.26	53.6	16.1	90.06	26.50
220792	SENSORS_VALUES	78	0	0	43.88	38.2	26.5	30.09	22.1	6.1	26.28	53.6	16.1	90.31	26.50
230791	SENSORS_VALUES	78	0	1	44.03	37.3	26.2	30.09	22.1	6.1	26.31	53.5	16.2	90.50	26.50
240792	SENSORS_VALUES	78	0	1	44.19	36.4	25.9	30.12	24.1	7.4	26.31	53.5	16.2	90.69	26.50
250791	SENSORS_VALUES	78	0	0	44.29	38.1	26.8	30.12	24.0	7.4	26.28	53.6	16.2	90.75	26.50
260791	SENSORS_VALUES	78	0	1	44.47	36.2	26.1	30.16	23.7	7.2	26.32	53.6	16.2	90.88	26.50
270792	SENSORS_VALUES	78	0	0	44.59	38.1	27.1	30.15	24.8	7.9	26.32	53.5	16.2	91.00	26.50
280792	SENSORS_VALUES	78	0	1	44.73	36.0	26.3	30.17	24.5	7.7	26.32	53.6	16.2	91.19	26.56
290792	SENSORS_VALUES	78	0	1	44.85	35.2	25.9	30.19	26.2	8.7	26.28	53.6	16.2	91.31	26.50
300791	SENSORS_VALUES	78	0	0	44.98	37.6	27.2	30.20	26.1	8.7	26.26	53.6	16.1	91.44	26.56
310791	SENSORS_VALUES	78	0	1	45.11	35.2	26.2	30.22	25.8	8.5	26.26	53.6	16.1	91.63	26.56
320793	SENSORS_VALUES	78	0	1	45.24	34.4	25.9	30.22	27.6	9.5	26.26	53.5	16.1	91.69	26.50
330791	SENSORS_VALUES	78	0	0	45.34	37.2	27.3	30.23	27.6	9.5	26.24	53.5	16.1	91.81	26.50
340792	SENSORS_VALUES	78	0	1	45.45	34.6	26.2	30.26	27.0	9.2	26.26	53.5	16.1	91.94	26.56
350792	SENSORS_VALUES	78	0	1	45.61	33.8	25.9	30.27	28.8	10.2	26.28	53.5	16.1	92.00	26.56
360793	SENSORS_VALUES	78	0	0	45.75	36.9	27.5	30.26	28.5	10.0	26.26	53.5	16.1	91.88	26.56
370791	SENSORS_VALUES	78	0	1	45.80	34.1	26.3	30.30	28.2	9.9	26.29	53.5	16.1	91.63	26.56
380793	SENSORS_VALUES	78	0	1	45.98	33.4	26.0	30.30	30.0	10.8	26.29	53.5	16.1	91.69	26.56
390792	SENSORS_VALUES	78	0	0	46.06	36.5	27.6	30.30	29.6	10.6	26.26	53.5	16.1	91.81	26.56
400791	SENSORS_VALUES	78	0	1	46.16	33.7	26.3	30.31	29.3	10.5	26.28	53.5	16.1	91.94	26.56
410791	SENSORS_VALUES	78	0	1	46.26	32.9	26.1	30.34	30.9	11.3	26.25	53.6	16.1	91.81	26.56
420793	SENSORS_VALUES	78	0	0	46.37	36.2	27.8	30.34	30.5	11.1	26.28	53.5	16.1	91.75	26.56
430792	SENSORS_VALUES	78	0	1	46.47	33.3	26.4	30.34	30.3	11.0	26.26	53.5	16.1	91.81	26.63
440792	SENSORS_VALUES	78	0	1	46.58	32.6	26.1	30.33	31.9	11.8	26.31	53.6	16.2	91.88	26.63
450792	SENSORS_VALUES	78	0	0	46.67	35.9	27.9	30.39	31.3	11.5	26.28	53.5	16.1	91.81	26.63
460791	SENSORS_VALUES	78	0	1	46.76	32.9	26.5	30.39	31.1	11.5	26.28	53.4	16.1	91.81	26.63
470792	SENSORS_VALUES	78	0	1	46.86	32.2	26.2	30.40	32.9	12.3	26.29	53.5	16.1	91.75	26.63
480792	SENSORS_VALUES	78	0	1	46.95	31.8	26.1	30.39	32.7	12.2	26.28	53.5	16.1	91.69	26.63
490792	SENSORS_VALUES	78	0	0	47.05	35.2	27.9	30.40	33.0	12.4	26.29	53.4	16.1	91.63	26.63
500793	SENSORS_VALUES	78	0	1	47.14	32.2	26.4	30.43	32.6	12.2	26.29	53.4	16.1	91.69	26.63
510791	SENSORS_VALUES	78	0	1	47.24	31.7	26.2	30.43	34.2	12.9	26.31	53.4	16.1	91.69	26.69
520792	SENSORS_VALUES	78	0	1	47.34	31.3	26.1	30.41	34.0	12.8	26.31	53.4	16.1	91.63	26.63
530791	SENSORS_VALUES	78	0	1	47.44	31.0	26.1	30.43	34.6	13.1	26.32	53.4	16.1	91.56	26.63
540792	SENSORS_VALUES	78	0	0	47.53	34.4	27.9	30.44	34.5	13.1	26.32	53.4	16.1	91.56	26.63
550792	SENSORS_VALUES	78	0	1	47.57	31.5	26.4	30.44	34.1	12.9	26.31	53.4	16.1	91.56	26.69
560791	SENSORS_VALUES	78	0	1	47.68	31.0	26.2	30.44	35.4	13.5	26.29	53.4	16.1	91.38	26.69
570791	SENSORS_VALUES	78	0	1	47.78	30.7	26.1	30.44	35.5	13.5	26.32	53.4	16.1	91.25	26.69
580791	SENSORS_VALUES	78	0	1	47.87	30.5	26.1	30.47	35.6	13.6	26.28	53.4	16.1	91.38	26.69
590791	SENSORS_VALUES	78	0	1	47.93	30.2	26.0	30.46	36.1	13.8	26.31	53.4	16.1	91.38	26.69
600791	SENSORS_VALUES	78	0	0	48.02	33.6	27.9	30.47	36.1	13.8	26.32	53.4	16.1	91.44	26.69
610792	SENSORS_VALUES	78	0	1	48.12	30.7	26.4	30.48	35.6	13.6	26.32	53.4	16.1	91.69	26.63
620791	SENSORS_VALUES	78	0	1	48.17	30.3	26.3	30.47	36.6	14.0	26.34	53.3	16.1	91.88	26.69
630792	SENSORS_VALUES	78	0	1	48.24	30.0	26.2	30.48	36.9	14.1	26.31	53.3	16.1	92.13	26.69
640792	SENSORS_VALUES	78	0	1	48.33	29.8	26.1	30.50	37.1	14.2	26.36	53.3	16.2	92.31	26.69
650793	SENSORS_VALUES	78	0	0	48.38	33.0	27.9	30.50	36.9	14.1	26.35	53.3	16.1	92.50	26.69
660792	SENSORS_VALUES	78	0	1	48.44	30.3	26.5	30.51	36.5	14.0	26.38	53.3	16.2	92.69	26.69
670792	SENSORS_VALUES	78	0	1	48.51	29.8	26.3	30.51	37.4	14.4	26.38	53.2	16.1	92.81	26.69
680791	SENSORS_VALUES	78	0	1	48.58	29.6	26.2	30.51	37.7	14.5	26.38	53.2	16.1	92.94	26.69
690792	SENSORS_VALUES	78	0	1	48.65	29.5	26.2	30.51	37.9	14.6	26.36	53.2	16.1	93.00	26.69
700791	SENSORS_VALUES	78	0	1	48.75	29.3	26.2	30.53	38.0	14.7	26.39	53.2	16.1	93.13	26.75
710791	SENSORS_VALUES	78	0	1	48.78	29.1	26.1	30.51	38.3	14.7	26.39	53.1	16.1	93.19	26.69
720792	SENSORS_VALUES	78	0	0	48.85	32.4	28.0	30.53	38.1	14.7	26.39	53.1	16.1	93.31	26.75
730792	SENSORS_VALUES	78	0	1	48.91	29.7	26.5	30.54	37.7	14.5	26.40	53.2	16.1	93.50	26.69
740792	SENSORS_VALUES	78	0	1	48.98	29.3	26.4	30.56	38.5	14.8	26.40	53.1	16.1	93.56	26.75
750791	SENSORS_VALUES	78	0	1	49.05	29.1	26.3	30.57	38.7	15.0	26.40	53.1	16.1	93.56	26.69
760792	SENSORS_VALUES	78	0	1	49.09	28.9	26.3	30.56	38.9	15.0	26.39	53.0	16.1	93.56	26.75
770793	SENSORS_VALUES	78	0	1	49.21	28.8	26.3	30.58	39.0	15.1	26.42	53.1	16.1	93.56	26.75
780791	SENSORS_VALUES	78	0	1	49.27	28.7	26.3	30.56	39.2	15.1	26.43	53.1	16.2	93.56	26.75
790792	SENSORS_VALUES	78	0	1	49.32	28.6	26.3	30.57	39.2	15.2	26.43	53.2	16.2	93.63	26.75
800791	SENSORS_VALUES	78	0	1	49.39	28.5	26.3	30.56	39.4	15.2	26.45	53.2	16.2	93.63	26.75
810793	SENSORS_VALUES	78	0	1	49.45	28.4	26.2	30.58	39.6	15.3	26.40	53.1	16.1	93.63	26.75
820791	SENSORS_VALUES	78	0	1	49.56	28.3	26.3	30.60	39.7	15.4	26.40	53.1	16.1	93.69	26.75
830793	SENSORS_VALUES	78	0	1	49.60	28.2	26.3	30.58	39.8	15.4	26.43	53.1	16.2	93.69	26.75
840792	SENSORS_VALUES	78	0	1	49.67	28.2	26.3	30.60	39.9	15.5	26.42	53.1	16.1	93.75	26.75
850793	SENSORS_VALUES	78	0	1	49.73	28.1	26.3	30.58	40.1	15.5	26.43	53.1	16.2	93.75	26.75
860791	SENSORS_VALUES	78	0	1	49.80	28.0	26.3	30.61	40.1	15.5	26.45	53.1	16.2	93.81	26.75
870792	SENSORS_VALUES	78	0	1	49.86	28.0	26.4	30.61	40.2	15.6	26.45	53.1	16.2	93.81	26.75
880792	SENSORS_VALUES	78	0	1	49.90	27.9	26.3	30.63	40.3	15.6	26.46	53.1	16.2	93.88	26.75
890792	SENSORS_VALUES	78	0	1	50.03	27.8	26.4	30.61	40.3	15.6	26.45	53.2	16.2	93.94	26.75
900791	SENSORS_VALUES	78	0	1	50.05	27.7	26.4	30.63	40.5	15.7	26.46	53.1	16.2	93.88	26.69
910792	SENSORS_VALUES	78	0	1	50.10	27.7	26.4	30.63	40.6	15.7	26.43	53.1	16.2	93.38	26.75
920791	SENSORS_VALUES	78	0	1	50.16	27.6	26.4	30.64	40.6	15.8	26.45	53.2	16.2	92.88	26.75
930791	SENSORS_VALUES	78	0	1	50.21	27.5	26.4	30.67	40.8	15.9	26.45	53.1	16.2	92.56	26.75
940792	SENSORS_VALUES	78	0	1	50.27	27.5	26.4	30.64	40.7	15.8	26.48	53.1	16.2	92.75	26.75
950792	SENSORS_VALUES	78	0	1	50.33	27.4	26.4	30.63	40.9	15.9	26.45	53.0	16.1	92.94	26.75
960792	SENSORS_VALUES	78	0	1	50.38	27.3	26.4	30.66	40.9	15.9	26.45	53.1	16.2	93.19	26.75
970792	SENSORS_VALUES	78	0	1	50.43	27.3	26.4	30.66	41.0	15.9	26.46	53.2	16.2	93.38	26.75
980791	SENSORS_VALUES	78	0	1	50.50	27.2	26.4	30.67	41.1	16.0	26.46	53.2	16.2	93.50	26.75
990791	SENSORS_VALUES	78	0	1	50.51	27.2	26.4	30.67	41.1	16.0	26.46	53.1	16.2	93.69	26.81
1000791	SENSORS_VALUES	78	0	1	50.60	27.1	26.4	30.67	41.2	16.0	26.46	53.1	16.2	93.81	26.75
1010793	SENSORS_VALUES	78	0	1	50.64	27.1	26.5	30.67	41.2	16.0	26.49	53.2	16.2	93.88	26.75
1020792	SENSORS_VALUES	78	0	1	50.66	27.0	26.5	30.67	41.3	16.0	26.48	53.1	16.2	93.75	26.81
1030793	SENSORS_VALUES	78	0	1	50.71	26.9	26.4	30.67	41.3	16.1	26.49	53.1	16.2	93.56	26.81
1040792	SENSORS_VALUES	78	0	1	50.74	26.9	26.4	30.66	41.4	16.1	26.49	53.1	16.2	93.38	26.81
1050792	SENSORS_VALUES	78	0	1	50.80	26.8	26.4	30.68	41.4	16.1	26.48	53.1	16.2	93.31	26.81
1060791	SENSORS_VALUES	78	0	1	50.84	26.8	26.4	30.68	41.3	16.1	26.49	53.1	16.2	93.00	26.81
1070791	SENSORS_VALUES	78	0	1	50.89	26.7	26.4	30.71	41.5	16.2	26.48	53.1	16.2	92.63	26.81
1080792	SENSORS_VALUES	78	0	1	50.94	26.7	26.5	30.70	41.6	16.2	26.55	53.0	16.2	92.56	26.81
1090792	SENSORS_VALUES	78	0	1	50.95	26.5	26.4	30.71	41.6	16.2	26.52	53.1	16.2	92.63	26.88
1100791	SENSORS_VALUES	78	0	1	50.99	26.5	26.4	30.71	41.6	16.2	26.50	53.0	16.2	92.81	26.81
1110792	SENSORS_VALUES	78	0	1	51.06	26.5	26.4	30.73	41.6	16.2	26.53	53.1	16.2	93.06	26.81
1120792	SENSORS_VALUES	78	0	1	51.09	26.4	26.4	30.74	41.6	16.2	26.52	53.1	16.2	93.19	26.81
1130792	SENSORS_VALUES	78	0	1	51.13	26.4	26.4	30.71	41.7	16.2	26.49	53.1	16.2	93.13	26.88
1140792	SENSORS_VALUES	78	0	1	51.18	26.4	26.4	30.73	41.7	16.2	26.53	53.1	16.2	93.31	26.81
1150792	SENSORS_VALUES	78	0	1	51.19	26.3	26.4	30.74	41.6	16.2	26.53	53.1	16.3	93.38	26.81
1160792	SENSORS_VALUES	78	0	1	51.26	26.3	26.5	30.74	41.8	16.3	26.49	53.2	16.2	93.31	26.88
1170792	SENSORS_VALUES	78	0	1	51.28	26.2	26.4	30.74	41.8	16.3	26.52	53.2	16.3	93.44	26.88
1180791	SENSORS_VALUES	78	0	1	51.31	26.2	26.4	30.71	41.8	16.3	26.52	53.2	16.3	93.63	26.88
1190792	SENSORS_VALUES	78	0	1	51.33	26.1	26.4	30.75	41.8	16.3	26.52	53.2	16.2	93.69	26.88
1200791	SENSORS_VALUES	78	0	1	51.36	26.1	26.4	30.75	41.8	16.3	26.52	53.3	16.3	93.50	26.88
1210792	SENSORS_VALUES	78	0	1	51.39	26.0	26.4	30.75	41.8	16.3	26.52	53.2	16.3	93.50	26.88
1220792	SENSORS_VALUES	78	0	1	51.43	26.0	26.4	30.74	41.8	16.3	26.50	53.2	16.3	93.50	26.88
1230793	SENSORS_VALUES	78	0	1	51.44	25.9	26.4	30.75	41.9	16.4	26.50	53.3	16.3	93.50	26.88
1240791	SENSORS_VALUES	78	0	1	51.49	25.9	26.4	30.77	41.8	16.4	26.50	53.3	16.3	93.50	26.94
1250792	SENSORS_VALUES	78	0	1	51.54	25.9	26.4	30.77	41.9	16.4	26.49	53.3	16.3	93.44	26.88
1260793	SENSORS_VALUES	78	0	1	51.56	25.9	26.4	30.78	42.0	16.4	26.49	53.3	16.3	93.50	26.88
1270792	SENSORS_VALUES	78	0	1	51.62	25.7	26.4	30.77	42.0	16.4	26.50	53.2	16.3	93.44	26.94
1280793	SENSORS_VALUES	78	0	1	51.62	25.7	26.4	30.75	41.9	16.4	26.53	53.2	16.3	93.56	26.88
1290792	SENSORS_VALUES	78	0	1	51.67	25.7	26.4	30.80	41.9	16.4	26.53	53.2	16.3	93.81	26.88
1300792	SENSORS_VALUES	78	0	1	51.70	25.6	26.4	30.77	42.0	16.4	26.55	53.2	16.3	94.00	26.88
1310792	SENSORS_VALUES	78	0	1	51.72	25.6	26.4	30.77	42.0	16.4	26.58	53.2	16.3	94.06	26.94
1320791	SENSORS_VALUES	78	0	1	51.76	25.6	26.4	30.78	42.0	16.4	26.56	53.2	16.3	94.13	26.94
1330792	SENSORS_VALUES	78	0	1	51.77	25.5	26.4	30.80	41.9	16.4	26.55	53.2	16.3	94.25	26.88
1340791	SENSORS_VALUES	78	0	1	51.80	25.5	26.4	30.80	42.0	16.4	26.55	53.2	16.3	94.38	26.94
1350792	SENSORS_VALUES	78	0	1	51.81	25.5	26.4	30.80	42.0	16.4	26.53	53.3	16.3	94.31	26.88
1360792	SENSORS_VALUES	78	0	1	51.86	25.4	26.4	30.80	42.0	16.4	26.55	53.3	16.3	94.19	26.94
1370791	SENSORS_VALUES	78	0	1	51.88	25.4	26.4	30.82	42.0	16.5	26.53	53.3	16.3	93.94	26.94
1380792	SENSORS_VALUES	78	0	1	51.93	25.4	26.4	30.81	42.1	16.5	26.56	53.3	16.3	93.63	26.94
1390791	SENSORS_VALUES	78	0	1	51.95	25.3	26.4	30.82	42.0	16.5	26.56	53.2	16.3	93.31	26.94
1400792	SENSORS_VALUES	78	0	1	51.99	25.3	26.4	30.80	42.0	16.4	26.59	53.3	16.3	93.06	26.94
1410793	SENSORS_VALUES	78	0	1	52.00	25.2	26.4	30.81	42.0	16.5	26.55	53.3	16.3	92.81	26.94
1420791	SENSORS_VALUES	78	0	1	52.01	25.2	26.4	30.82	42.0	16.5	26.53	53.3	16.3	92.63	26.94
1430793	SENSORS_VALUES	78	0	1	52.06	25.2	26.4	30.82	42.0	16.5	26.53	53.3	16.3	92.63	26.94
1440791	SENSORS_VALUES	78	0	1	52.10	25.1	26.4	30.84	42.0	16.5	26.55	53.3	16.3	92.88	26.94
1450793	SENSORS_VALUES	78	0	1	52.13	25.1	26.4	30.85	42.0	16.5	26.56	53.3	16.3	93.19	26.94
1460792	SENSORS_VALUES	78	0	1	52.14	25.1	26.4	30.85	42.0	16.5	26.58	53.3	16.3	93.50	26.94
1470792	SENSORS_VALUES	78	0	1	52.15	25.1	26.4	30.84	42.1	16.5	26.58	53.3	16.3	93.75	26.94
1480792	SENSORS_VALUES	78	0	1	52.20	24.9	26.3	30.85	42.0	16.5	26.58	53.3	16.3	94.00	26.94
1490793	SENSORS_VALUES	78	0	0	52.21	26.9	27.7	30.85	42.0	16.5	26.55	53.4	16.3	94.25	26.94
1500791	SENSORS_VALUES	78	0	1	52.21	25.2	26.5	30.85	41.8	16.4	26.56	53.3	16.3	94.56	26.94
1510792	SENSORS_VALUES	78	0	1	52.22	25.1	26.5	30.87	41.9	16.5	26.56	53.4	16.3	94.75	27.00
1520791	SENSORS_VALUES	78	0	1	52.22	25.0	26.4	30.87	41.9	16.5	26.56	53.4	16.4	94.81	27.00
1530793	SENSORS_VALUES	78	0	1	52.24	25.0	26.4	30.87	42.0	16.5	26.58	53.3	16.4	94.81	26.94
1540791	SENSORS_VALUES	78	0	1	52.27	24.9	26.4	30.88	42.0	16.5	26.58	53.3	16.4	94.94	26.94
1550791	SENSORS_VALUES	78	0	1	52.28	24.9	26.4	30.88	42.0	16.5	26.58	53.3	16.3	95.00	26.94
1560792	SENSORS_VALUES	78	0	1	52.31	24.8	26.4	30.87	42.0	16.5	26.58	53.3	16.3	95.00	26.94
1570792	SENSORS_VALUES	78	0	1	52.34	24.8	26.4	30.90	42.0	16.5	26.58	53.3	16.4	95.06	26.94
1580792	SENSORS_VALUES	0	0	1	52.35	24.7	26.3	30.90	42.0	16.5	26.58	53.4	16.4	94.06	26.94
1590792	SENSORS_VALUES	78	0	0	52.38	26.6	27.6	30.90	42.0	16.5	26.59	53.3	16.4	93.44	26.94
1600792	SENSORS_VALUES	78	0	1	52.38	25.0	26.5	30.91	41.8	16.5	26.60	53.3	16.4	93.69	26.94
1610792	SENSORS_VALUES	78	0	1	52.41	24.8	26.5	30.92	42.0	16.5	26.59	53.3	16.4	93.88	26.94
1620793	SENSORS_VALUES	78	0	1	52.44	24.7	26.4	30.90	42.0	16.5	26.62	53.3	16.4	94.00	27.00
1630792	SENSORS_VALUES	78	0	1	52.45	24.7	26.4	30.92	42.0	16.6	26.60	53.2	16.3	94.13	26.94
1640792	SENSORS_VALUES	78	0	1	52.47	24.6	26.4	30.94	42.0	16.6	26.62	53.3	16.4	94.19	27.00
1650793	SENSORS_VALUES	78	0	0	52.51	26.4	27.6	30.94	41.9	16.5	26.56	53.3	16.3	94.38	26.94
1660791	SENSORS_VALUES	78	0	1	52.48	24.9	26.5	30.92	41.8	16.5	26.59	53.4	16.4	94.50	26.94
1670791	SENSORS_VALUES	78	0	1	52.51	24.7	26.4	30.97	41.9	16.6	26.60	53.4	16.4	94.69	27.00
1680792	SENSORS_VALUES	78	0	1	52.52	24.6	26.4	30.94	41.9	16.5	26.56	53.4	16.4	94.88	26.94
1690791	SENSORS_VALUES	78	0	1	52.52	24.6	26.4	30.95	41.9	16.6	26.58	53.4	16.4	95.06	26.94
1700792	SENSORS_VALUES	0	0	0	52.54	26.3	27.6	30.94	41.9	16.5	26.56	53.4	16.4	94.19	26.94
1710791	SENSORS_VALUES	78	0	1	52.55	24.8	26.5	30.95	41.8	16.5	26.58	53.4	16.4	93.88	26.94
1720792	SENSORS_VALUES	78	0	1	52.57	24.6	26.5	30.95	41.9	16.5	26.59	53.4	16.4	94.13	26.94
1730792	SENSORS_VALUES	78	0	1	52.55	24.5	26.3	30.98	41.9	16.6	26.59	53.5	16.4	94.44	26.94
1740792	SENSORS_VALUES	78	0	0	52.58	26.3	27.5	30.98	41.9	16.6	26.58	53.4	16.4	94.75	26.94
1750791	SENSORS_VALUES	78	0	1	52.58	24.6	26.4	30.98	41.8	16.5	26.60	53.4	16.4	95.06	26.94
1760791	SENSORS_VALUES	0	0	1	52.59	24.5	26.4	30.97	41.8	16.5	26.58	53.4	16.4	94.25	27.00
1770801	SENSORS_VALUES	78	0	0	52.62	26.2	27.5	30.99	41.8	16.6	26.59	53.5	16.4	93.88	26.94
1780792	SENSORS_VALUES	78	0	1	52.62	24.7	26.5	30.99	41.7	16.5	26.58	53.4	16.4	94.31	26.94
1790792	SENSORS_VALUES	78	0	1	52.58	24.5	26.4	31.01	41.8	16.5	26.58	53.4	16.4	94.63	27.00
1800792	SENSORS_VALUES	78	0	1	52.64	24.4	26.4	30.99	41.8	16.5	26.59	53.4	16.4	94.88	27.00
1810791	SENSORS_VALUES	78	0	0	52.65	26.1	27.5	31.01	41.8	16.6	26.60	53.4	16.4	95.13	27.00
1820791	SENSORS_VALUES	0	0	1	52.65	24.5	26.4	31.02	41.7	16.5	26.62	53.4	16.4	94.19	27.00
1830791	SENSORS_VALUES	78	0	1	52.64	24.4	26.3	31.02	41.8	16.6	26.60	53.5	16.4	93.38	27.00
1840793	SENSORS_VALUES	78	0	0	52.66	26.0	27.5	31.02	41.8	16.6	26.58	53.5	16.4	93.63	27.00
1850791	SENSORS_VALUES	78	0	1	52.68	24.5	26.4	31.02	41.6	16.5	26.60	53.5	16.4	93.94	27.00
1860792	SENSORS_VALUES	78	0	1	52.68	24.4	26.4	31.02	41.8	16.6	26.59	53.5	16.4	93.94	27.00
1870792	SENSORS_VALUES	78	0	0	52.68	26.0	27.4	31.02	41.7	16.5	26.56	53.5	16.4	93.81	27.00
1880792	SENSORS_VALUES	78	0	1	52.69	24.5	26.5	31.03	41.6	16.5	26.58	53.5	16.4	94.00	27.00
1890793	SENSORS_VALUES	78	0	1	52.69	24.3	26.3	31.03	41.7	16.5	26.60	53.5	16.4	94.25	27.00
1900793	SENSORS_VALUES	78	0	0	52.70	25.9	27.4	31.03	41.7	16.5	26.60	53.5	16.4	94.63	27.00
1910793	SENSORS_VALUES	78	0	1	52.70	24.5	26.4	31.03	41.6	16.5	26.62	53.4	16.4	94.94	27.00
1920791	SENSORS_VALUES	78	0	1	52.72	24.3	26.4	31.08	41.7	16.6	26.60	53.4	16.4	95.06	27.00
1930793	SENSORS_VALUES	0	0	0	52.73	25.8	27.4	31.08	41.7	16.6	26.60	53.4	16.4	93.94	26.94
1940791	SENSORS_VALUES	78	0	1	52.73	24.4	26.4	31.08	41.6	16.5	26.59	53.4	16.4	93.25	27.00
1950792	SENSORS_VALUES	78	0	1	52.77	24.3	26.4	31.08	41.6	16.6	26.62	53.5	16.4	93.56	27.06
1960792	SENSORS_VALUES	78	0	0	52.77	25.8	27.4	31.07	41.7	16.6	26.59	53.5	16.4	93.94	27.00
1970792	SENSORS_VALUES	78	0	1	52.77	24.4	26.4	31.10	41.5	16.5	26.59	53.5	16.4	94.25	27.00
1980791	SENSORS_VALUES	78	0	1	52.78	24.2	26.3	31.08	41.6	16.5	26.60	53.4	16.4	94.44	27.00
1990791	SENSORS_VALUES	78	0	0	52.81	25.7	27.4	31.08	41.6	16.5	26.62	53.5	16.4	94.75	27.06
2000793	SENSORS_VALUES	78	0	1	52.81	24.3	26.4	31.08	41.5	16.5	26.62	53.4	16.4	95.00	27.00
2010792	SENSORS_VALUES	78	0	1	52.84	24.1	26.3	31.10	41.6	16.5	26.63	53.4	16.4	95.13	27.06
2020793	SENSORS_VALUES	0	0	0	52.82	25.6	27.3	31.10	41.6	16.5	26.63	53.5	16.4	94.06	27.00
2030791	SENSORS_VALUES	78	0	1	52.85	24.2	26.4	31.11	41.4	16.5	26.59	53.5	16.4	93.38	27.00
2040792	SENSORS_VALUES	78	0	1	52.85	24.2	26.4	31.11	41.6	16.6	26.62	53.5	16.5	93.63	27.00
2050793	SENSORS_VALUES	78	0	0	52.85	25.5	27.3	31.12	41.6	16.6	26.59	53.5	16.4	94.06	27.06
2060791	SENSORS_VALUES	78	0	1	52.89	24.2	26.4	31.11	41.4	16.5	26.63	53.5	16.5	94.50	27.06
2070791	SENSORS_VALUES	78	0	0	52.88	25.5	27.3	31.14	41.5	16.6	26.59	53.5	16.4	94.88	27.00
2080791	SENSORS_VALUES	78	0	1	52.86	24.2	26.4	31.15	41.4	16.5	26.60	53.5	16.4	95.25	27.00
2090791	SENSORS_VALUES	0	0	0	52.84	25.5	27.3	31.15	41.5	16.6	26.62	53.5	16.4	94.25	27.00
2100792	SENSORS_VALUES	78	0	1	52.86	24.2	26.4	31.12	41.3	16.5	26.60	53.5	16.4	93.56	27.06
2110792	SENSORS_VALUES	78	0	0	52.86	25.5	27.3	31.11	41.4	16.5	26.64	53.5	16.5	93.88	27.00
2120792	SENSORS_VALUES	78	0	1	52.85	24.3	26.4	31.15	41.3	16.5	26.63	53.4	16.4	94.31	27.06
2130791	SENSORS_VALUES	78	0	1	52.88	24.1	26.3	31.15	41.5	16.6	26.63	53.4	16.4	94.69	27.06
2140793	SENSORS_VALUES	78	0	0	52.88	25.5	27.3	31.15	41.4	16.5	26.64	53.3	16.4	95.00	27.00
2150791	SENSORS_VALUES	78	0	1	52.89	24.1	26.4	31.17	41.4	16.5	26.67	53.4	16.5	95.31	27.06
2160792	SENSORS_VALUES	0	0	0	52.89	25.4	27.3	31.15	41.4	16.5	26.69	53.4	16.5	94.38	27.06
2170791	SENSORS_VALUES	78	0	1	52.92	24.2	26.4	31.18	41.3	16.5	26.72	53.4	16.5	93.63	27.00
2180791	SENSORS_VALUES	78	0	0	52.90	25.4	27.3	31.17	41.4	16.5	26.67	53.4	16.5	94.00	27.06
2190793	SENSORS_VALUES	78	0	1	52.88	24.2	26.4	31.20	41.2	16.5	26.67	53.4	16.5	94.44	27.06
2200792	SENSORS_VALUES	78	0	0	52.89	25.4	27.2	31.20	41.3	16.5	26.66	53.4	16.4	94.81	27.06
2210793	SENSORS_VALUES	78	0	1	52.90	24.1	26.4	31.20	41.3	16.5	26.66	53.4	16.5	95.06	27.00
2220791	SENSORS_VALUES	0	0	0	52.89	25.4	27.2	31.20	41.3	16.5	26.66	53.5	16.5	93.75	27.06
2230791	SENSORS_VALUES	78	0	1	52.89	24.1	26.4	31.21	41.2	16.5	26.64	53.4	16.4	93.00	27.06
2240792	SENSORS_VALUES	78	0	0	52.92	25.3	27.2	31.18	41.3	16.5	26.67	53.4	16.5	93.38	27.06
2250792	SENSORS_VALUES	78	0	1	52.89	24.1	26.3	31.21	41.2	16.5	26.66	53.4	16.5	93.94	27.00
2260792	SENSORS_VALUES	78	0	0	52.92	25.3	27.2	31.18	41.3	16.5	26.64	53.5	16.5	94.25	27.06
2270791	SENSORS_VALUES	78	0	1	52.93	24.1	26.3	31.24	41.2	16.5	26.64	53.5	16.5	94.63	27.06
2280791	SENSORS_VALUES	78	0	0	52.92	25.3	27.2	31.21	41.2	16.5	26.70	53.4	16.5	94.94	27.06
2290791	SENSORS_VALUES	78	0	1	52.95	24.1	26.4	31.22	41.2	16.5	26.73	53.4	16.5	95.31	27.00
2300791	SENSORS_VALUES	0	0	0	52.93	25.3	27.2	31.22	41.3	16.5	26.70	53.4	16.5	94.63	27.06
2310792	SENSORS_VALUES	78	0	1	52.95	24.0	26.3	31.24	41.1	16.5	26.69	53.4	16.5	94.25	27.06
2320792	SENSORS_VALUES	78	0	0	52.95	25.2	27.2	31.24	41.2	16.5	26.67	53.4	16.5	94.63	27.00
2330792	SENSORS_VALUES	78	0	1	52.96	24.0	26.3	31.22	41.2	16.5	26.69	53.5	16.5	95.06	27.06
2340792	SENSORS_VALUES	0	0	0	52.95	25.2	27.1	31.22	41.2	16.5	26.66	53.5	16.5	94.38	27.06
2350791	SENSORS_VALUES	78	0	1	52.96	24.0	26.3	31.25	41.1	16.5	26.67	53.5	16.5	94.06	27.06
2360791	SENSORS_VALUES	78	0	0	52.96	25.1	27.1	31.24	41.2	16.5	26.67	53.5	16.5	94.44	27.06
2370793	SENSORS_VALUES	78	0	1	52.96	24.0	26.3	31.25	41.1	16.5	26.67	53.4	16.5	94.88	27.06
2380793	SENSORS_VALUES	78	0	0	52.99	25.1	27.1	31.25	41.1	16.5	26.69	53.5	16.5	95.25	27.06
2390792	SENSORS_VALUES	0	0	1	52.98	23.9	26.3	31.26	41.2	16.5	26.67	53.5	16.5	94.56	27.06
2400792	SENSORS_VALUES	78	0	0	52.99	25.1	27.1	31.25	41.2	16.5	26.66	53.4	16.5	94.19	27.06
2410792	SENSORS_VALUES	78	0	1	53.00	23.9	26.3	31.25	41.1	16.5	26.66	53.5	16.5	94.63	27.06
2420791	SENSORS_VALUES	78	0	0	52.99	25.1	27.1	31.24	41.1	16.5	26.69	53.5	16.5	95.00	27.06
2430791	SENSORS_VALUES	78	0	1	53.02	23.9	26.3	31.25	41.0	16.5	26.67	53.5	16.5	95.38	27.06
2440792	SENSORS_VALUES	0	0	0	53.02	25.0	27.1	31.26	41.1	16.5	26.67	53.5	16.5	94.63	27.06
2450791	SENSORS_VALUES	78	0	1	53.02	23.8	26.2	31.25	41.0	16.5	26.66	53.5	16.5	94.38	27.06
2460792	SENSORS_VALUES	78	0	0	53.02	24.9	27.0	31.26	41.1	16.5	26.69	53.5	16.5	94.75	27.06
2470793	SENSORS_VALUES	78	0	1	53.05	23.9	26.3	31.26	41.0	16.5	26.69	53.5	16.5	95.19	27.06
2480792	SENSORS_VALUES	0	0	0	53.03	24.9	27.0	31.26	41.1	16.5	26.67	53.5	16.5	94.50	27.13
2490791	SENSORS_VALUES	78	0	1	53.03	23.8	26.2	31.29	41.0	16.5	26.69	53.5	16.5	94.19	27.06
2500791	SENSORS_VALUES	78	0	0	53.03	24.9	27.0	31.28	41.1	16.5	26.67	53.5	16.5	94.63	27.06
2510792	SENSORS_VALUES	78	0	1	53.08	23.7	26.2	31.31	41.0	16.5	26.67	53.5	16.5	95.00	27.06
2520791	SENSORS_VALUES	78	0	0	53.06	24.9	27.0	31.31	41.1	16.5	26.69	53.5	16.5	95.38	27.06
2530792	SENSORS_VALUES	0	0	1	53.05	23.7	26.2	31.29	41.0	16.5	26.64	53.5	16.5	94.50	27.06
2540791	SENSORS_VALUES	78	0	0	53.06	24.8	27.0	31.29	41.1	16.5	26.67	53.5	16.5	93.75	27.06
2550793	SENSORS_VALUES	78	0	1	53.08	23.7	26.2	31.28	41.0	16.5	26.67	53.5	16.5	94.13	27.13
2560792	SENSORS_VALUES	78	0	0	53.08	24.8	27.0	31.31	41.1	16.5	26.70	53.5	16.5	94.50	27.06
2570792	SENSORS_VALUES	78	0	1	53.06	23.6	26.2	31.29	41.0	16.5	26.72	53.4	16.5	94.81	27.06
2580791	SENSORS_VALUES	78	0	0	53.10	24.7	26.9	31.32	41.0	16.5	26.69	53.5	16.5	95.00	27.06
2590792	SENSORS_VALUES	78	0	1	53.10	23.6	26.2	31.29	40.9	16.5	26.70	53.4	16.5	95.25	27.13
2600792	SENSORS_VALUES	0	0	0	53.12	24.7	27.0	31.31	41.1	16.5	26.67	53.5	16.5	94.38	27.06
2610792	SENSORS_VALUES	78	0	1	53.09	23.6	26.2	31.31	41.0	16.5	26.69	53.5	16.5	93.94	27.06
2620793	SENSORS_VALUES	78	0	0	53.12	24.7	26.9	31.29	41.0	16.5	26.70	53.5	16.5	94.31	27.06
2630792	SENSORS_VALUES	78	0	1	53.13	23.6	26.2	31.29	40.9	16.5	26.70	53.4	16.5	94.63	27.06
2640793	SENSORS_VALUES	78	0	0	53.13	24.7	26.9	31.32	41.0	16.5	26.70	53.4	16.5	94.94	27.06
2650792	SENSORS_VALUES	78	0	1	53.15	23.6	26.2	31.31	40.9	16.5	26.66	53.4	16.5	95.19	27.06
2660793	SENSORS_VALUES	0	0	0	53.15	24.6	26.9	31.32	41.0	16.5	26.70	53.4	16.5	94.38	27.06
2670792	SENSORS_VALUES	78	0	1	53.17	23.5	26.2	31.33	40.9	16.5	26.67	53.4	16.5	93.94	27.06
2680793	SENSORS_VALUES	78	0	0	53.13	24.6	26.9	31.32	41.0	16.5	26.69	53.5	16.5	94.25	27.06
2690792	SENSORS_VALUES	78	0	1	53.19	23.6	26.2	31.33	40.9	16.5	26.70	53.4	16.5	94.63	27.06
2700792	SENSORS_VALUES	78	0	0	53.20	24.5	26.9	31.32	41.0	16.5	26.67	53.5	16.5	94.88	27.06
2710793	SENSORS_VALUES	78	0	1	53.19	23.4	26.1	31.32	40.9	16.5	26.64	53.5	16.5	95.19	27.13
2720792	SENSORS_VALUES	0	0	0	53.17	24.5	26.8	31.31	40.9	16.5	26.66	53.5	16.5	94.31	27.06
2730793	SENSORS_VALUES	78	0	1	53.20	23.4	26.1	31.33	40.8	16.5	26.69	53.5	16.5	93.88	27.06
2740791	SENSORS_VALUES	78	0	0	53.20	24.5	26.9	31.31	41.0	16.5	26.69	53.5	16.5	94.19	27.13
2750791	SENSORS_VALUES	78	0	1	53.22	23.4	26.1	31.33	40.9	16.5	26.69	53.5	16.5	94.56	27.06
2760791	SENSORS_VALUES	78	0	0	53.22	24.4	26.8	31.32	40.9	16.5	26.69	53.6	16.5	95.00	27.06
2770791	SENSORS_VALUES	78	0	1	53.22	23.4	26.1	31.32	40.8	16.5	26.67	53.6	16.5	95.44	27.06
2780791	SENSORS_VALUES	0	0	0	53.23	24.4	26.8	31.32	40.9	16.5	26.70	53.5	16.5	94.75	27.06
2790792	SENSORS_VALUES	78	0	1	53.23	23.4	26.1	31.33	40.8	16.5	26.67	53.5	16.5	94.44	27.06
2800792	SENSORS_VALUES	78	0	0	53.23	24.3	26.8	31.35	40.9	16.5	26.67	53.6	16.5	94.88	27.13
2810792	SENSORS_VALUES	78	0	1	53.25	23.4	26.1	31.32	40.8	16.5	26.67	53.6	16.5	95.31	27.06
2820793	SENSORS_VALUES	0	0	0	53.25	24.3	26.8	31.33	40.9	16.5	26.64	53.7	16.5	94.63	27.06
2830792	SENSORS_VALUES	78	0	1	53.23	23.3	26.0	31.33	40.8	16.4	26.66	53.7	16.5	94.31	27.13
2840791	SENSORS_VALUES	78	0	0	53.25	24.3	26.8	31.33	40.9	16.5	26.66	53.6	16.5	94.75	27.06
2850793	SENSORS_VALUES	78	0	1	53.27	23.3	26.1	31.33	40.8	16.5	26.69	53.6	16.5	95.19	27.06
2860793	SENSORS_VALUES	0	0	0	53.29	24.2	26.8	31.33	40.9	16.5	26.66	53.6	16.5	94.56	27.06
2870791	SENSORS_VALUES	78	0	1	53.27	23.3	26.1	31.35	40.8	16.5	26.67	53.7	16.5	94.25	27.06
2880792	SENSORS_VALUES	78	0	0	53.27	24.2	26.7	31.32	40.9	16.5	26.66	53.7	16.5	94.69	27.13
2890792	SENSORS_VALUES	78	0	1	53.27	23.2	26.0	31.35	40.8	16.5	26.66	53.7	16.5	95.19	27.06
2900792	SENSORS_VALUES	0	0	0	53.26	24.2	26.7	31.35	40.8	16.5	26.67	53.6	16.5	94.50	27.13
2910792	SENSORS_VALUES	78	0	1	53.25	23.2	26.0	31.35	40.8	16.5	26.69	53.6	16.5	94.25	27.06
2920792	SENSORS_VALUES	78	0	0	53.29	24.1	26.7	31.33	40.9	16.5	26.67	53.6	16.5	94.69	27.06
2930791	SENSORS_VALUES	78	0	1	53.30	23.1	26.0	31.38	40.7	16.5	26.64	53.7	16.5	95.13	27.13
2940791	SENSORS_VALUES	0	0	0	53.29	24.1	26.7	31.36	40.8	16.5	26.69	53.6	16.5	94.25	27.13
2950792	SENSORS_VALUES	78	0	1	53.27	23.1	26.0	31.33	40.7	16.4	26.67	53.6	16.5	93.56	27.13
2960791	SENSORS_VALUES	78	0	0	53.30	24.0	26.6	31.35	40.8	16.5	26.72	53.6	16.6	93.94	27.13
2970792	SENSORS_VALUES	78	0	1	53.29	23.1	26.0	31.35	40.7	16.5	26.70	53.5	16.5	94.44	27.13
2980791	SENSORS_VALUES	78	0	0	53.27	24.0	26.6	31.35	40.8	16.5	26.69	53.6	16.5	94.88	27.06
2990792	SENSORS_VALUES	78	0	1	53.32	23.1	25.9	31.36	40.8	16.5	26.69	53.6	16.5	95.25	27.06
3000793	SENSORS_VALUES	0	0	0	53.30	24.0	26.6	31.38	40.8	16.5	26.69	53.6	16.5	94.38	27.13
3010791	SENSORS_VALUES	78	0	1	53.32	23.1	26.0	31.36	40.7	16.5	26.66	53.7	16.5	93.69	27.06
3020791	SENSORS_VALUES	78	0	0	53.32	23.9	26.6	31.36	40.8	16.5	26.67	53.6	16.5	94.06	27.06
3030792	SENSORS_VALUES	78	0	1	53.32	23.0	25.9	31.36	40.7	16.5	26.69	53.6	16.5	94.56	27.06
3040792	SENSORS_VALUES	78	0	0	53.33	23.9	26.5	31.33	40.8	16.4	26.75	53.6	16.6	94.94	27.06
3050791	SENSORS_VALUES	78	0	0	53.30	24.0	26.6	31.36	40.7	16.4	26.70	53.5	16.5	95.38	27.13
3060793	SENSORS_VALUES	0	0	1	53.30	23.1	25.9	31.38	40.7	16.5	26.72	53.5	16.5	94.56	27.13
3070792	SENSORS_VALUES	78	0	0	53.27	23.9	26.5	31.35	40.7	16.4	26.75	53.4	16.5	93.81	27.06
3080792	SENSORS_VALUES	78	0	0	53.25	23.9	26.5	31.38	40.7	16.4	26.76	53.4	16.5	94.25	27.13
3090791	SENSORS_VALUES	78	0	0	53.23	24.0	26.5	31.39	40.6	16.5	26.76	53.4	16.5	94.81	27.13
3100791	SENSORS_VALUES	78	0	1	53.19	23.2	25.9	31.35	40.6	16.4	26.73	53.4	16.5	95.25	27.06
3110792	SENSORS_VALUES	0	0	0	53.17	23.9	26.5	31.38	40.7	16.5	26.69	53.5	16.5	94.38	27.13
3120791	SENSORS_VALUES	78	0	0	53.15	24.0	26.5	31.38	40.6	16.4	26.67	53.6	16.5	93.75	27.13
3130791	SENSORS_VALUES	78	0	0	53.12	24.0	26.5	31.39	40.6	16.4	26.72	53.6	16.6	94.25	27.13
3140792	SENSORS_VALUES	78	0	0	53.06	24.1	26.5	31.41	40.6	16.4	26.70	53.5	16.5	94.81	27.13
3150792	SENSORS_VALUES	78	0	0	53.00	24.1	26.4	31.39	40.6	16.4	26.73	53.5	16.5	95.31	27.13
3160792	SENSORS_VALUES	0	0	0	52.98	24.1	26.4	31.39	40.6	16.4	26.76	53.5	16.6	94.56	27.06
3170792	SENSORS_VALUES	78	0	0	52.93	24.1	26.4	31.38	40.5	16.4	26.75	53.5	16.6	93.94	27.13
3180791	SENSORS_VALUES	78	0	0	52.88	24.2	26.4	31.38	40.5	16.4	26.76	53.4	16.6	94.44	27.13
3190792	SENSORS_VALUES	78	0	0	52.85	24.2	26.4	31.38	40.5	16.4	26.73	53.6	16.6	94.94	27.13
3200791	SENSORS_VALUES	78	0	0	52.84	24.2	26.4	31.42	40.6	16.5	26.70	53.6	16.5	95.44	27.06
3210793	SENSORS_VALUES	0	0	0	52.75	24.2	26.3	31.38	40.5	16.4	26.70	53.7	16.6	94.69	27.06
3220792	SENSORS_VALUES	78	0	0	52.72	24.2	26.3	31.41	40.5	16.4	26.72	53.6	16.6	94.06	27.06
3230791	SENSORS_VALUES	78	0	0	52.68	24.2	26.3	31.41	40.5	16.4	26.72	53.6	16.6	94.56	27.13
3240792	SENSORS_VALUES	78	0	0	52.64	24.3	26.3	31.42	40.5	16.4	26.73	53.7	16.6	95.13	27.13
3250793	SENSORS_VALUES	0	0	0	52.59	24.3	26.3	31.42	40.5	16.4	26.72	53.6	16.6	94.31	27.06
3260792	SENSORS_VALUES	78	0	0	52.59	24.3	26.3	31.45	40.5	16.4	26.73	53.7	16.6	93.81	27.13
3270792	SENSORS_VALUES	78	0	0	52.59	24.3	26.3	31.43	40.4	16.4	26.73	53.6	16.6	94.31	27.13
3280792	SENSORS_VALUES	78	0	0	52.55	24.4	26.2	31.42	40.4	16.4	26.72	53.6	16.6	94.88	27.13
3290792	SENSORS_VALUES	78	0	0	52.52	24.4	26.2	31.46	40.4	16.4	26.73	53.6	16.6	95.38	27.13
3300792	SENSORS_VALUES	0	0	0	52.49	24.4	26.2	31.46	40.4	16.4	26.72	53.7	16.6	94.56	27.13
3310791	SENSORS_VALUES	78	0	0	52.48	24.4	26.2	31.46	40.4	16.4	26.70	53.7	16.6	94.06	27.06
3320792	SENSORS_VALUES	78	0	0	52.48	24.4	26.2	31.46	40.4	16.4	26.69	53.8	16.6	94.50	27.13
3330792	SENSORS_VALUES	78	0	0	52.47	24.5	26.3	31.48	40.4	16.4	26.69	53.8	16.6	95.06	27.19
3340791	SENSORS_VALUES	0	0	0	52.45	24.4	26.2	31.46	40.3	16.4	26.69	53.7	16.6	94.31	27.13
3350791	SENSORS_VALUES	78	0	0	52.44	24.5	26.2	31.48	40.3	16.4	26.72	53.7	16.6	93.75	27.13
3360791	SENSORS_VALUES	78	0	0	52.41	24.5	26.2	31.49	40.3	16.4	26.70	53.8	16.6	94.25	27.13
3370792	SENSORS_VALUES	78	0	0	52.40	24.6	26.3	31.46	40.4	16.4	26.69	53.8	16.6	94.63	27.13
3380792	SENSORS_VALUES	78	0	0	52.38	24.5	26.2	31.50	40.3	16.4	26.67	53.9	16.6	95.06	27.06
3390792	SENSORS_VALUES	0	0	0	52.37	24.6	26.2	31.52	40.3	16.4	26.73	53.9	16.7	94.19	27.06
3400793	SENSORS_VALUES	78	0	0	52.37	24.5	26.2	31.52	40.3	16.4	26.75	53.8	16.6	93.50	27.06
3410793	SENSORS_VALUES	78	0	0	52.35	24.5	26.2	31.50	40.3	16.4	26.76	53.7	16.6	93.50	27.06
3420792	SENSORS_VALUES	78	0	0	52.34	24.5	26.2	31.50	40.2	16.4	26.76	53.7	16.6	93.50	27.13
3430791	SENSORS_VALUES	78	0	0	52.34	24.5	26.2	31.52	40.2	16.4	26.77	53.7	16.6	93.50	27.06
3440793	SENSORS_VALUES	78	0	0	52.31	24.5	26.2	31.52	40.2	16.4	26.79	53.8	16.7	93.56	27.06
3450791	SENSORS_VALUES	78	0	0	52.31	24.5	26.2	31.50	40.2	16.4	26.75	53.7	16.6	93.63	27.13
3460792	SENSORS_VALUES	78	0	0	52.31	24.6	26.2	31.50	40.2	16.4	26.77	53.6	16.6	93.69	27.13
3470791	SENSORS_VALUES	78	0	0	52.28	24.5	26.1	31.53	40.2	16.4	26.83	53.6	16.7	93.75	27.13
3480791	SENSORS_VALUES	78	0	0	52.28	24.5	26.1	31.52	40.1	16.4	26.83	53.6	16.7	93.75	27.13
3490792	SENSORS_VALUES	78	0	0	52.28	24.5	26.1	31.55	40.2	16.4	26.79	53.7	16.6	93.88	27.13
3500791	SENSORS_VALUES	78	0	0	52.28	24.5	26.2	31.53	40.2	16.4	26.82	53.7	16.7	94.44	27.13
3510791	SENSORS_VALUES	78	0	0	52.28	24.6	26.2	31.52	40.1	16.4	26.83	53.7	16.7	94.94	27.13
3520791	SENSORS_VALUES	78	0	0	52.27	24.6	26.1	31.56	40.1	16.4	26.82	53.7	16.7	95.44	27.13
3530792	SENSORS_VALUES	0	0	0	52.25	24.5	26.1	31.58	40.2	16.4	26.82	53.6	16.7	94.63	27.13
3540791	SENSORS_VALUES	78	0	0	52.27	24.5	26.1	31.56	40.1	16.4	26.85	53.6	16.7	94.06	27.13
3550792	SENSORS_VALUES	78	0	0	52.27	24.5	26.1	31.56	40.1	16.4	26.83	53.7	16.7	94.44	27.13
3560791	SENSORS_VALUES	78	0	0	52.25	24.6	26.2	31.59	40.2	16.5	26.80	53.7	16.7	94.81	27.13
3570791	SENSORS_VALUES	78	0	0	52.24	24.6	26.2	31.58	40.1	16.4	26.83	53.7	16.7	95.31	27.13
3580801	SENSORS_VALUES	0	0	0	52.22	24.6	26.1	31.58	40.1	16.4	26.83	53.7	16.7	94.56	27.13
3590793	SENSORS_VALUES	78	0	0	52.22	24.6	26.1	31.58	40.1	16.4	26.82	53.7	16.7	94.25	27.13
3600793	SENSORS_VALUES	78	0	0	52.22	24.6	26.1	31.61	40.1	16.4	26.82	53.8	16.7	94.69	27.13
3610791	SENSORS_VALUES	78	0	0	52.22	24.5	26.1	31.59	40.1	16.4	26.83	53.8	16.7	95.13	27.13
3620791	SENSORS_VALUES	0	0	0	52.22	24.6	26.2	31.59	40.1	16.4	26.80	53.8	16.7	94.44	27.13
3630791	SENSORS_VALUES	78	0	0	52.22	24.6	26.1	31.62	40.1	16.4	26.80	53.9	16.7	94.13	27.13
3640791	SENSORS_VALUES	78	0	0	52.21	24.6	26.1	31.61	40.1	16.4	26.83	53.8	16.7	94.56	27.13
3650792	SENSORS_VALUES	78	0	0	52.22	24.6	26.1	31.61	40.0	16.4	26.82	53.9	16.7	95.00	27.19
3660791	SENSORS_VALUES	78	0	0	52.21	24.6	26.1	31.61	40.1	16.4	26.73	54.0	16.7	95.38	27.13
3670792	SENSORS_VALUES	0	0	0	52.20	24.6	26.1	31.62	40.0	16.4	26.73	54.1	16.7	94.69	27.13
3680793	SENSORS_VALUES	78	0	0	52.20	24.6	26.1	31.61	40.0	16.4	26.75	54.1	16.7	94.31	27.19
3690791	SENSORS_VALUES	78	0	0	52.22	24.6	26.1	31.61	40.1	16.4	26.75	54.0	16.7	94.75	27.19
3700781	SM_STATE	'regenerate' -> 'drywait' duration_fan_off_ms 610000ms > SM_REGENERATE_NOFAN_MS 600000ms
3700854	SENSORS_VALUES	78	0	0	52.20	24.7	26.2	31.62	40.1	16.4	26.73	54.0	16.7	95.19	27.19
3710791	SENSORS_VALUES	0	0	0	52.20	24.6	26.1	31.62	40.0	16.4	26.76	54.0	16.7	94.31	27.19
3720791	SENSORS_VALUES	0	0	0	52.20	24.6	26.1	31.62	40.1	16.4	26.75	54.0	16.7	92.44	27.13
3730791	SENSORS_VALUES	0	0	0	52.18	24.6	26.1	31.63	40.0	16.4	26.75	54.0	16.7	90.69	27.13
3740791	SENSORS_VALUES	0	0	0	52.17	24.6	26.1	31.62	40.0	16.4	26.75	54.0	16.7	89.00	27.13
3750792	SENSORS_VALUES	0	0	0	52.15	24.6	26.1	31.62	40.0	16.4	26.73	54.1	16.7	87.56	27.13
3760791	SENSORS_VALUES	0	0	0	52.14	24.5	26.0	31.61	40.0	16.4	26.73	54.0	16.7	86.19	27.13
3760849	LOG_INFO	Stopping
